175.8079 44.63679 1.57079
183.0025 28.47559 1.43799
171.96737 34.73627 1.52219
188.16548 43.51865 1.65784
177.27963 50.19321 1.61638
168.71436 44.41507 1.53002
179.34175 33.12009 1.65672
163.67969 47.98788 1.54445
172.46105 45.22679 1.65534
182.40918 39.53048 1.50743
165.44085 37.58458 1.45131
173.1873 44.63679 1.57079
175.34355 61.92309 1.79099
177.40689 45.45121 1.47798
184.14477 40.13522 1.48181
182.96507 50.45907 1.62087
168.84726 51.65836 1.62159
180.78113 45.71058 1.59348
179.57753 57.73628 1.65458
170.87915 56.49315 1.71424
169.96962 43.94795 1.57807
182.29566 45.94486 1.45789
179.45703 44.63669 1.57079
184.91009 39.50848 1.53332
176.23565 47.15603 1.72733
179.07292 48.44878 1.5776
176.47455 39.42825 1.38704
178.14817 33.06944 1.52253
173.94236 33.85348 1.58474
178.20029 42.81782 1.57586
172.62929 62.30238 1.56448
170.13441 37.07853 1.57509
181.82306 32.27603 1.62869
-168.1883 -13.71674 0
-157.53987 -23.35055 0.12001
-166.38939 -20.53195 0.11911
-164.3999 -8.99174 -0.16275
-172.0795 -23.68418 0.02202
-178.18906 -19.36493 0.04001
-173.69851 -5.33232 0.05301
-172.46691 -6.94452 -0.02863
-153.37967 -10.50009 -0.12056
-165.4976 -13.72556 -0.11531
-174.92921 -16.50911 -0.04607
-179.4487 330.3633 4.71238
-181.20395 323.91972 4.63315
-175.54843 320.35172 4.74424
-168.14828 331.41409 4.68919
-182.48821 348.43264 4.65386
-159.7676 343.32116 4.69501
-180.24016 323.95511 4.52648
-169.66461 320.89944 4.60603
-180.93052 349.21522 4.86672
-183.79099 332.78891 4.80071
-179.71358 336.47466 4.62896
187.2631 44.63677 1.57079
182.03977 44.76407 1.57036
189.18195 46.80755 1.4244
185.84629 33.67812 1.52851
180.27217 48.64876 1.38092
193.95233 34.74764 1.67902
163.34705 44.41341 1.55191
193.93831 34.71671 1.51127
177.95183 49.30815 1.49659
188.60276 38.37607 1.68028
194.18287 32.6028 1.58364
-173.1109 330.36395 4.71238
-187.46511 337.44707 4.5376
-188.15106 343.39009 4.72543
-168.7123 327.38368 4.75583
-183.2335 336.14592 4.72908
-170.2102 333.10397 4.87093
-175.89568 328.30971 4.71924
-171.1283 327.93501 4.77104
-173.44397 320.05856 4.7794
-175.75331 319.9147 4.70484
-174.71989 330.92994 4.71659
