134.21101 204.93068 3.14159
135.02118 213.85643 3.18543
135.22296 212.34364 3.07828
130.88766 200.84564 3.03218
133.28412 202.15381 3.18537
137.37189 194.42276 3.07476
135.90809 190.67685 3.07857
132.75903 194.78405 3.10492
135.40558 209.02162 3.1505
139.68298 208.59052 3.12533
132.03071 205.21295 3.26957
172.05644 166.08358 3.14159
166.23848 160.37414 3.17107
175.16535 157.95292 3.17374
170.56352 162.24541 3.21373
176.09769 162.28764 3.0825
173.75599 149.23115 3.1851
165.77851 171.16269 2.9686
186.29232 176.19548 3.23944
170.05665 168.76638 3.14645
177.38815 168.29172 3.18159
167.80162 169.27621 3.02844
-123.366 -142.54801 5.49778
-122.68488 -152.50105 -0.68054
-128.47725 -146.29678 -0.75653
-117.17437 -138.0338 -0.77447
-128.31451 -148.41384 -0.67666
-123.30973 -149.89158 5.47684
-106.9291 -142.56826 5.44792
-123.87408 -154.61689 5.46427
-116.27449 -136.37985 5.42843
-126.50436 -136.4495 -0.76388
-122.86146 -149.10616 -0.73059
