144.97401 353.6111 3.14159
148.5398 351.72274 3.18892
129.71905 356.33748 3.16799
148.52566 344.9317 3.12805
151.19424 340.17361 3.06554
151.5027 365.30516 3.2252
145.98433 354.96084 3.31398
151.35221 357.50915 3.01718
138.28379 351.73711 3.1144
133.87918 341.8924 3.26638
133.47811 354.07745 3.17319
143.78402 353.61088 3.14159
147.61709 353.36838 3.09647
139.74803 359.48044 2.97688
137.74861 353.37222 3.24874
134.14807 356.36394 3.16383
131.53823 355.62625 3.1071
147.32075 347.39456 3.14558
145.196 347.1011 3.10753
146.40378 344.92042 3.18727
155.73896 361.01769 3.11716
154.70707 341.86052 3.1517
-139.66327 353.61104 3.14159
-139.1059 347.3864 3.11212
-146.3871 354.85324 3.20722
-145.58901 341.61057 3.0321
-142.00056 348.84057 3.02837
-137.95926 349.22454 3.09805
-137.39595 346.91852 3.02592
-130.95486 358.27719 3.14262
-132.93978 352.12538 3.09055
-137.15975 350.04542 3.12894
-134.38505 354.94021 3.17267
-200.29588 177.43841 4.71238
-192.2255 188.11347 4.55968
-196.12412 187.53717 4.67881
-197.87497 173.89078 4.72908
-205.13443 178.7088 4.83988
-193.65161 187.46483 4.73128
-203.16298 178.37058 4.61438
-204.34061 185.02286 4.70417
-192.24844 183.98233 4.65922
-206.98104 181.35068 4.75978
-199.01118 179.01211 4.75713
143.78382 353.61088 3.14159
142.75261 352.56291 3.17302
145.34298 345.52076 3.148
137.77621 349.84968 3.09304
138.37512 351.94276 3.14091
157.81694 347.13778 3.14652
147.65898 353.80517 3.06506
140.93497 345.46683 3.16012
135.36798 351.09462 3.15465
136.42281 364.14146 3.11171
144.88846 350.53842 3.20685
143.78382 353.61108 3.14159
134.88911 355.88805 3.09228
151.31669 349.4683 3.19077
139.43356 356.11553 2.97651
147.90786 356.51797 3.17623
144.72905 354.26105 3.21107
148.87822 354.5691 3.19313
142.05789 357.6332 3.01048
151.38315 353.74381 3.03302
138.35263 358.03034 3.14518
147.11999 349.24623 3.1821
-177.3853 209.2162 4.71238
-177.60077 213.18028 4.70256
-175.92927 200.41398 4.80909
-174.94262 226.55211 4.69876
-184.33481 197.45206 4.80634
-178.07293 208.21425 4.58479
-173.39411 209.46626 4.73898
-196.33502 206.44318 4.71337
-181.32403 196.39182 4.70012
-173.28497 207.65455 4.58225
-183.79395 213.55575 4.72324
143.78402 353.61108 3.14159
140.64157 355.55186 3.11734
156.59785 355.40382 3.0466
148.5062 342.93736 3.21296
157.63575 358.17962 3.2103
150.06538 347.57489 3.09581
132.97664 350.30694 3.21145
153.52824 361.81189 3.05915
143.24089 341.77093 3.09972
133.23833 350.25998 3.09594
150.99053 353.5291 3.05711
-200.29588 177.43851 4.71238
-214.368 164.74161 4.7565
-198.2045 181.68768 4.70824
-198.80629 183.17752 4.74688
-194.73501 188.95258 4.64972
-205.66109 169.93334 4.75682
-198.28896 173.98944 4.63796
-199.94557 180.8446 4.6113
-196.09117 186.6204 4.6909
-198.56634 180.67521 4.67464
-196.98457 173.36936 4.64742
-200.29581 297.65471 4.71238
-199.69446 289.46853 4.82444
-208.7721 299.7509 4.67156
-191.97176 303.77746 4.84318
-198.2551 295.92181 4.80719
-191.95215 310.67515 4.67967
-205.32815 308.43505 4.68674
-201.45871 289.22298 4.63234
-186.60865 290.13715 4.71419
-192.07076 299.07612 4.64682
-200.0655 290.52621 4.70797
143.78399 353.61089 3.14159
143.95669 366.82767 3.12458
145.23666 347.61996 3.03378
143.97945 360.14576 3.15135
138.65626 353.02087 3.18187
158.3143 358.29366 3.13443
131.8958 348.01646 3.05822
148.12682 346.84084 3.17636
144.41254 362.36751 3.1316
132.04261 357.08519 3.23674
139.99869 355.329 3.18589
13.51862 353.61103 3.14159
18.48171 354.41493 3.14248
11.8312 355.62838 3.21213
4.3018 351.12472 3.1208
24.70508 353.50648 3.06578
11.89632 352.55581 3.20732
7.36601 342.48887 3.23488
24.3957 350.92064 3.2393
25.46964 349.89153 3.15974
17.7357 368.8943 3.0618
11.4818 366.01585 3.09858
196.01162 353.61078 3.14159
193.83212 342.75568 3.16986
186.10518 360.54707 3.23212
194.58403 361.85652 3.36069
194.83126 356.00896 3.07912
201.22118 359.86692 3.07726
192.35408 357.08235 3.086
195.53763 348.43237 3.21849
192.78218 358.43169 3.15342
196.12609 360.1385 3.13875
188.17279 354.66517 3.12015
