-201.47372 177.79127 4.71238
-209.44646 184.68581 4.63891
-203.56082 173.77061 4.78566
-193.44063 175.09865 4.58167
-205.84357 174.30071 4.78265
-207.27523 182.29781 4.58016
-203.3082 185.56345 4.84924
-203.26641 176.80664 4.75317
-192.54358 187.8886 4.67156
-194.53482 173.81548 4.76532
-195.50486 183.42573 4.63704
-201.47358 177.79128 4.71238
-213.57644 174.2121 4.66874
-211.84153 171.58397 4.57393
-204.49699 194.63731 4.79847
-201.23041 176.31118 4.65344
-214.11793 176.67321 4.74187
-209.2811 173.21309 4.60467
-199.40677 177.15059 4.70721
-197.18855 182.75858 4.75099
-217.23233 183.47159 4.6394
-205.11527 182.93387 4.71189
-201.47366 177.79127 4.71238
-203.64583 178.49762 4.77942
-199.29898 186.1517 4.73428
-205.64462 170.41223 4.69414
-202.99498 174.48323 4.59275
-216.04766 170.16764 4.74935
-204.21911 184.51691 4.64099
-210.40051 164.64775 4.65455
-198.19287 169.90064 4.77423
-202.87608 180.93515 4.71202
-199.39563 188.71377 4.75388
-201.47366 177.79131 4.71238
-197.25063 188.26393 4.73479
-198.52169 172.01602 4.734
-196.37246 174.77281 4.67534
-203.42619 186.78898 4.6981
-199.29174 175.35753 4.70711
-201.22694 180.62187 4.67838
-201.6645 170.37153 4.66401
-198.59394 175.3291 4.68184
-199.23162 183.45911 4.75611
-199.3864 176.65069 4.69779
