189.98199 -120.86771 1.57079
178.45353 -114.50008 1.58365
180.67401 -113.47232 1.59655
178.98475 -115.44512 1.66262
193.17396 -122.27624 1.4863
202.6657 -126.86631 1.55327
193.47054 -108.9336 1.55502
190.78898 -124.53422 1.64513
197.87642 -122.13795 1.51346
193.46301 -122.23309 1.74264
189.71148 -121.07502 1.55813
196.71918 -138.28491 1.57079
196.84138 -144.10818 1.67545
188.69324 -125.90581 1.64641
193.2406 -136.1322 1.44338
201.11405 -139.12306 1.56929
190.38869 -130.27411 1.60611
197.53442 -142.83323 1.71307
187.83158 -141.88768 1.4781
197.24019 -153.04203 1.43649
200.66983 -139.41614 1.69367
188.16836 -128.82158 1.461
189.98189 -120.86761 1.57079
189.33928 -128.94564 1.55753
191.52763 -116.86251 1.65644
181.05674 -126.94944 1.52451
189.16294 -129.71985 1.56584
182.68013 -119.04834 1.63902
195.1489 -117.56518 1.62573
169.76991 -124.91593 1.50279
180.02655 -120.14251 1.5977
196.94175 -118.65728 1.62721
192.35675 -117.92096 1.59933
187.29759 -109.63541 1.57079
180.99013 -96.9824 1.48254
185.59579 -115.37762 1.62722
186.9129 -104.31078 1.5839
177.37255 -106.81232 1.57824
188.04204 -120.79775 1.53879
177.06524 -115.54676 1.40932
178.54347 -102.76736 1.60116
191.66004 -107.23582 1.53332
183.44581 -110.42828 1.61269
186.80616 -107.26326 1.67714
246.8532 -125.80341 1.57079
254.83489 -139.52478 1.48107
244.86279 -128.63794 1.34889
257.04691 -133.96555 1.67305
255.64025 -130.24506 1.5052
241.20817 -130.88914 1.58036
247.33857 -119.41626 1.51882
256.51021 -113.86328 1.47592
251.70266 -132.5782 1.66407
249.08769 -128.58916 1.66928
257.99554 -126.30984 1.74959
