203.3158 57.44338 1.57079
211.084 47.92227 1.574
197.80641 57.6621 1.62153
193.96408 69.61534 1.40572
204.31461 54.69209 1.45571
196.98874 50.04226 1.57355
206.46851 44.45948 1.47726
201.77987 60.85758 1.50578
203.22298 50.85536 1.60149
206.74387 58.56703 1.52824
216.1998 52.65224 1.53637
118.7826 404.7892 3.14159
115.20678 407.74466 3.18969
123.42816 410.52436 3.10651
118.81092 398.88056 3.15273
120.44044 414.74111 3.37842
112.74718 404.34163 3.09671
119.46505 407.86004 3.1243
121.74119 391.07966 3.19498
122.49612 398.64587 3.21831
117.7132 403.76787 3.07039
107.48351 413.55708 3.09062
203.3159 57.44348 1.57079
207.48239 51.15004 1.63907
200.80276 37.61979 1.67596
203.35357 71.7828 1.58006
197.33901 59.86216 1.66357
205.84841 54.04779 1.44825
209.44457 60.91612 1.6122
199.04476 55.40859 1.53987
205.43851 68.70514 1.65188
202.62364 58.3405 1.63067
203.40944 50.50774 1.58271
203.31579 57.44338 1.57079
196.94668 65.46473 1.62809
201.51329 48.3514 1.60499
206.42707 66.13438 1.72095
202.58965 53.17356 1.57634
216.15572 66.32387 1.68042
197.22462 74.04693 1.48369
197.31425 47.6721 1.56802
205.85594 53.44102 1.69846
210.35607 54.94845 1.50612
200.0857 74.60485 1.52109
255.5426 57.44318 1.57079
256.55456 57.26285 1.61242
256.56336 54.22976 1.60148
251.89478 67.30942 1.56728
262.39491 65.34743 1.54622
255.79114 52.16171 1.53085
256.02328 52.26116 1.61969
258.33696 60.94061 1.6685
256.47476 62.76191 1.5627
263.1046 50.11031 1.62767
235.94211 58.57655 1.40964
