-180.98023 -39.53745 0
-172.95405 -27.18144 0.21208
-188.48657 -57.10987 -0.05355
-186.54903 -44.08261 0.06534
-177.9321 -43.16087 0.0376
-190.2247 -41.08073 0.07734
-181.6784 -35.36219 -0.08551
-179.54989 -42.03272 -0.02406
-175.97183 -46.13438 -0.09762
-182.00576 -41.84118 -0.00456
-183.36532 -33.18158 0.01039
-114.33853 -38.34743 0
-117.93717 -34.78345 0.06687
-106.99749 -41.63819 0.0021
-113.95452 -31.40918 0.06828
-113.73335 -44.31755 0.00492
-123.8954 -40.41618 -0.09326
-118.13642 -38.11978 -0.14407
-119.08829 -24.91447 -0.06463
-124.51161 -48.84931 -0.02052
-110.03228 -38.42979 0.04763
-101.34791 -46.24318 -0.03186
116.57009 -39.39563 0
122.14815 -49.45666 0.00216
117.05695 -35.07585 0.01016
123.02972 -34.0914 0.04816
111.80741 -27.32794 -0.12135
111.17937 -31.85402 -0.03893
134.15403 -30.01562 0.02376
121.11879 -36.98418 -0.04229
119.88074 -28.01373 0.0735
115.93636 -46.56047 -0.05261
126.33748 -27.52381 0.00017
194.37869 -40.74783 0
194.7045 -34.47165 0.01689
193.80421 -35.33106 0.00942
185.52482 -43.47006 0.01275
195.32648 -31.715 0.05977
200.20566 -35.00785 0.03224
200.06389 -36.60361 -0.00021
194.92608 -38.17963 -0.20698
187.43992 -58.05792 0.0393
193.79147 -41.01317 0.08026
189.69966 -50.00727 -0.08049
