208.5679 -4.2751 1.57079
226.96961 -17.28612 1.48167
205.8845 -4.73567 1.53319
211.96312 0.54226 1.46965
196.82468 3.4037 1.66556
216.1847 0.67716 1.72151
204.35379 -1.59188 1.53327
221.69574 -2.03881 1.6575
197.74231 -7.91096 1.50655
198.82024 -7.39556 1.58061
211.88094 2.29997 1.47892
-171.80317 5.1533 4.71238
-165.89369 4.96225 4.89205
-171.85119 1.8562 4.80659
-179.64635 3.90593 4.72148
-172.42348 5.6283 4.63432
-162.48496 8.5764 4.86916
-169.59044 1.77264 4.79579
-165.75054 7.88156 4.71044
-177.40387 7.0852 4.78078
-160.18235 -8.22864 4.73572
-169.84599 7.33604 4.77061
-164.15259 296.8631 4.71238
-168.52864 306.15676 4.5237
-183.47297 286.67118 4.56459
-164.86335 299.58835 4.81181
-166.12675 290.98573 4.82876
-157.7575 292.1633 4.81711
-170.37216 300.60802 4.71843
-170.2053 296.4256 4.77847
-177.2238 297.90162 4.67641
-161.50102 294.21889 4.73023
-158.88647 307.35554 4.64127
-149.58089 128.8826 4.71238
-148.62665 135.53812 4.65313
-152.45139 127.28769 4.73119
-160.56828 129.83982 4.57377
-157.69037 140.76214 4.70035
-164.77409 128.47279 4.74045
-149.10129 130.76241 4.82888
-163.55987 107.59987 4.72619
-147.86627 124.89094 4.72471
-145.88015 131.16654 4.71368
-149.51614 126.63075 4.84958
-256.66859 128.8826 4.71238
-265.24322 123.81663 4.62946
-252.12258 130.90683 4.73327
-254.83964 140.84025 4.73204
-257.80447 137.69005 4.83069
-253.7504 118.00564 4.62924
-237.54037 127.35273 4.7108
-245.25612 127.04859 4.80131
-248.38957 140.11907 4.79164
-246.19152 131.87046 4.60109
-268.5452 123.77288 4.69002
-136.65248 119.8462 4.97418
-139.04004 112.71666 4.96202
-137.39404 111.83784 5.02222
-136.83405 129.62223 4.90576
-147.55895 107.22005 4.97592
-143.96033 128.77402 4.93269
-140.1082 112.11747 4.96874
-137.65302 113.3793 5.03147
-131.2132 120.86008 4.85379
-130.08883 117.71794 5.03918
-130.35024 118.17751 4.97014
-194.29041 209.41065 4.45058
-190.64492 205.45919 4.40134
-189.51206 202.97729 4.43165
-196.33266 225.71275 4.57724
-179.33294 212.51931 4.44233
-195.56701 223.0525 4.42821
-195.29446 201.90818 4.55014
-184.4789 206.46535 4.46617
-184.51176 203.39903 4.48912
-185.46049 205.79784 4.42345
-198.61605 210.11474 4.59615
216.8477 293.64528 3.14159
203.97097 296.09408 3.16641
221.5775 288.32639 3.13552
218.96795 304.4437 3.08276
214.53829 299.22362 3.16772
227.45784 289.90348 3.03748
222.39131 299.96356 3.07556
221.15048 284.24518 3.00927
216.50781 289.87429 3.16385
220.64613 293.03813 3.12843
211.38931 286.59113 3.18561
110.17169 295.50999 3.14159
110.10404 299.42178 3.11494
112.89417 307.33719 3.23344
99.86967 293.08673 3.16011
112.77702 296.21948 3.06499
110.48189 299.21044 3.26328
99.55575 292.81086 3.11431
117.39654 300.88072 3.11071
97.78179 289.28263 3.09597
110.5272 295.90588 3.0985
112.6855 298.81579 3.22013
-141.7744 265.42151 3.92699
-134.84691 271.71219 4.04935
-140.08327 262.24316 3.92468
-155.06559 268.5431 3.91309
-131.19395 266.22052 3.83565
-144.72912 263.54266 3.9519
-146.47182 258.83788 3.92017
-147.11756 272.47746 3.97797
-140.55734 255.78594 3.88468
-128.82666 269.47355 3.78027
-141.95205 270.68518 3.88789
140.88869 17.33646 0.78539
132.44873 7.56806 0.80409
134.3924 23.00015 0.76178
143.14739 24.62785 0.87784
140.33024 22.3198 0.80567
137.11648 11.27272 0.82708
137.77706 9.73921 0.80383
149.33056 10.42329 0.74972
141.5104 17.95006 0.84067
130.20576 8.90105 0.75889
143.59169 18.62068 0.76448
75.18552 305.21689 3.14159
66.02487 300.65658 3.17962
81.60662 311.28331 3.08207
68.13878 323.35505 3.11055
79.84038 304.70904 3.24934
70.52045 306.136 3.14475
89.57224 296.87318 3.14863
68.40284 302.21106 3.19497
78.89856 312.17442 3.15256
60.41902 290.81843 3.05723
67.07042 292.06985 3.15188
-25.53977 305.2169 3.14159
-20.74272 306.75737 3.21438
-25.5205 314.43572 2.96598
-21.16245 310.21255 3.09025
-28.8293 308.93375 3.11506
-25.9386 305.31428 3.17475
-32.8482 304.82622 3.23064
-11.66667 301.49128 3.17226
-12.10423 317.95053 3.079
-30.86114 299.07391 3.1055
-18.99916 311.14098 3.22895
187.34549 -1.08988 1.57079
176.4713 -9.35047 1.54721
199.74204 10.68612 1.66716
180.01295 -5.1846 1.55922
184.37892 -9.41114 1.61896
179.78257 -15.26127 1.53739
180.49585 -6.85639 1.5327
186.00349 -3.79299 1.47732
176.41363 0.13169 1.59944
181.80426 -8.46852 1.53083
196.92625 -12.41252 1.48404
-128.894 -61.70132 0
-127.75013 -62.55932 -0.11872
-130.54899 -63.45687 0.03706
-133.1907 -47.53215 -0.02008
-131.01345 -62.70641 0.11117
-119.63474 -62.50251 0.11071
-128.31677 -54.28128 -0.06929
-135.09597 -55.98166 0.031
-140.34305 -69.00299 0.10807
-126.11958 -64.95389 -0.0192
-129.17823 -62.69298 0.104
103.08904 305.21649 3.14159
107.5274 306.42693 3.13595
100.24003 305.76926 3.05427
107.87241 313.60199 3.07542
108.90816 306.49245 3.04988
106.87534 308.38315 2.97735
90.16091 312.87683 3.25294
100.69792 308.82415 3.13241
112.92866 298.60123 3.03401
109.99894 317.59888 3.08512
104.14472 299.28479 3.10874
247.16037 305.21648 3.14159
242.58088 306.24631 3.0279
250.08861 292.3775 3.15767
246.27611 307.32811 3.28517
244.67222 307.5736 3.17599
246.55466 301.58624 3.16807
246.16594 305.0479 3.17803
263.24746 305.0395 3.07496
241.53734 300.83755 2.9929
243.32528 308.25 3.08972
246.95487 312.86167 3.06729
