4.0166 -56.65713 0
3.69593 -53.09442 0.06879
3.02687 -53.2581 -0.01085
5.11726 -59.69872 0.12466
4.35016 -65.09454 -0.01686
9.81483 -48.50307 0.04096
9.70132 -47.25641 0.04145
8.18929 -55.85319 -0.09738
7.31624 -52.88075 0.02551
2.9514 -56.6284 0.04375
-3.34443 -49.92832 -0.04953
-128.40998 117.82546 4.71238
-125.48799 114.94806 4.6837
-141.24292 120.05053 4.77589
-143.4375 131.97898 4.8174
-127.71142 123.46651 4.77346
-125.08159 120.20377 4.61483
-120.83205 108.17545 4.52289
-125.78887 121.9415 4.75927
-125.06552 103.03355 4.62663
-125.82966 122.45583 4.76398
-123.37576 110.94385 4.73284
-235.086 119.69017 4.71238
-235.8048 126.55857 4.67086
-236.17618 119.74336 4.74147
-243.58444 134.41307 4.67035
-246.11213 120.44766 4.68858
-232.27694 125.93063 4.87651
-228.26325 122.06039 4.52824
-228.26804 114.67002 4.71251
-235.8832 114.9755 4.73873
-236.76974 131.2898 4.7192
-243.81647 128.09479 4.69454
