-111.11285 -68.58774 0
-114.19853 -53.31903 0.02389
-111.20666 -51.69432 -0.10304
-115.24774 -75.57017 -0.05789
-109.9463 -63.95486 0.06436
-114.29233 -60.6892 -0.10415
-111.86067 -62.94592 -0.00187
-114.3882 -61.73101 -0.00663
-111.85985 -56.53391 -0.04795
-101.40964 -73.90869 0.07001
-110.11189 -63.15792 0.03248
-129.66602 -63.4148 0
-121.42921 -64.15111 0.03334
-118.51048 -63.62021 0.11019
-133.27454 -54.2539 -0.0281
-130.72364 -61.00353 0.09777
-116.01054 -56.71904 0.00654
-127.26942 -53.97206 -0.07068
-117.9156 -60.55604 -0.00971
-127.99569 -62.2186 -0.01142
-132.48301 -72.24761 0.01356
-129.23263 -61.51143 -0.11077
110.34444 -51.69971 0
116.2871 -52.03817 0.00352
98.65777 -52.51511 0.05889
108.84659 -48.03253 -0.03926
113.25136 -52.6637 0.03893
116.46031 -49.93576 0.00031
114.40824 -62.69786 -0.05408
109.64181 -60.18905 -0.00049
122.62412 -59.58829 0.00321
112.16244 -58.102 0.01248
109.17363 -45.40597 0.17328
-109.51549 -51.69972 0
-115.90238 -40.87579 0.02775
-99.10398 -46.71139 -0.18919
-113.54764 -47.69684 -0.12656
-102.03813 -48.62021 0.06128
-97.13308 -54.61125 0.11549
-105.53269 -60.59909 -0.06474
-111.45392 -48.033 -0.16868
-102.993 -30.73645 -0.04248
-103.62269 -51.08919 0.03493
-104.69399 -59.45398 0.06711
29.69769 -363.10168 0
24.90447 -363.92029 -0.04677
27.49278 -367.74295 -0.06731
29.44757 -362.3318 0.06345
43.51802 -373.42003 0.00393
28.56411 -368.55087 -0.11677
18.12117 -367.71511 0.0501
26.99469 -355.94798 0.02261
28.6246 -363.85537 0.06493
31.41006 -345.90325 0.10204
27.09849 -361.66676 -0.04539
-121.35 -61.00665 0
-122.16851 -58.19411 -0.04304
-111.18198 -73.23279 -0.05378
-126.52297 -57.27872 -0.0144
-122.76347 -61.80483 -0.1036
-122.43978 -70.60356 -0.08035
-125.4486 -65.11154 -0.06914
-124.48578 -61.10422 -0.02016
-122.28492 -49.39711 -0.13178
-120.47233 -73.86908 -0.02989
-114.79655 -59.06549 -0.11351
