119.99501 403.61169 3.14159
123.50833 399.25468 3.24646
123.12009 409.23068 3.09819
119.55901 396.88776 3.15987
126.56379 414.35831 3.19
114.42604 401.69613 3.06711
129.63112 402.49314 3.22614
109.97796 397.69785 3.04254
124.01258 409.84873 3.15513
127.80643 412.07856 3.20241
121.48611 396.06818 3.13395
296.1679 195.57298 1.57079
294.95342 186.87704 1.68705
298.68302 195.68417 1.4975
288.76217 191.98055 1.47777
289.27294 198.17189 1.63356
290.24571 193.34342 1.51044
301.5894 190.58096 1.55519
316.01574 198.01072 1.54594
301.42025 190.7693 1.67497
296.33566 196.98461 1.56659
293.86497 200.60691 1.62102
119.99501 403.61179 3.14159
118.67113 408.59177 3.15528
124.54178 410.17379 3.19277
116.2318 401.37208 3.2223
114.60871 400.41292 3.11799
131.05361 399.22327 3.22681
106.29944 400.33385 3.13491
130.32226 394.90299 3.17449
128.88346 414.64093 3.0701
122.93422 403.77309 3.2305
111.01874 407.1701 3.20474
240.21131 403.61162 3.14159
239.62347 404.9761 3.13889
242.63436 402.88474 3.17837
257.06977 400.16442 3.20779
252.14588 401.83748 3.21479
244.05944 399.53767 3.1362
242.17751 402.75072 3.14221
241.62357 407.2711 3.24857
243.96744 408.47721 3.12033
236.41939 401.30663 3.19894
247.46706 401.34486 3.18856
296.1676 59.53098 1.57079
304.55156 60.89761 1.59896
300.81529 55.77531 1.57847
283.16126 55.1806 1.73204
297.47411 69.76692 1.50834
289.21347 69.19614 1.42183
293.78996 54.47926 1.39765
302.13201 50.5296 1.58969
303.91587 57.14936 1.57069
292.98713 60.42265 1.62757
295.95304 69.87689 1.52059
