26.69429 -121.1521 1.57079
20.80835 -128.33479 1.69171
29.98904 -113.26881 1.60332
28.82839 -132.33548 1.63861
16.72254 -118.50973 1.63915
26.06765 -128.52204 1.62027
17.84218 -108.5565 1.48431
37.73751 -116.12579 1.56552
32.79893 -112.41232 1.51377
25.75219 -112.49265 1.62812
35.18692 -107.36138 1.61907
26.69428 -144.4617 1.57079
23.0457 -145.8954 1.52548
21.62204 -138.3268 1.64138
22.8392 -148.15835 1.60635
38.8087 -140.10022 1.79787
30.61447 -141.92418 1.40011
27.07365 -156.6024 1.67795
35.79338 -146.83579 1.63866
23.85921 -146.56984 1.44579
33.45905 -142.76386 1.58591
24.84112 -156.06007 1.48378
26.69424 -133.9003 1.57079
40.13313 -133.1262 1.66939
21.13264 -139.25175 1.59694
46.07352 -129.96781 1.61414
21.29942 -136.52041 1.662
34.41221 -141.51476 1.57934
21.78606 -139.6639 1.51716
32.02464 -135.21217 1.56964
36.65556 -135.54152 1.60223
36.11021 -123.87552 1.55679
24.87424 -145.34506 1.5364
-270.65121 -245.82083 0
-277.03641 -252.91009 -0.0321
-265.811 -252.22877 0.07626
-268.81711 -240.98768 0.07556
-269.60399 -247.0187 -0.07043
-271.45058 -235.58465 -0.12306
-263.45598 -247.10488 0.01667
-274.78338 -249.13067 0.05193
-271.6454 -232.83018 -0.05072
-276.67334 -238.56945 0.05513
-262.09742 -239.29459 -0.00163
