-378.09454 -0.83911 4.71238
-375.43345 -0.59051 4.665
-384.19504 -8.88438 4.70259
-388.13857 8.72454 4.56893
-374.37291 3.45525 4.71008
-370.31507 -1.58993 4.71982
-387.99432 -11.17867 4.85665
-378.04958 -17.07665 4.79176
-381.94328 -6.22631 4.74394
-370.12044 -3.59159 4.79523
-380.5962 -5.73158 4.80716
-378.09419 5.48729 4.71238
-387.59268 10.53262 4.72993
-379.69845 5.47303 4.81716
-372.23631 -8.92164 4.7436
-376.17775 15.942 4.67676
-369.08744 2.09058 4.74086
-370.51796 12.48878 4.75587
-376.89768 4.90488 4.72527
-383.91596 12.0717 4.54814
-385.30562 -0.34385 4.68968
-387.17648 13.12325 4.94532
-378.09437 4.36048 4.71238
-380.99599 4.34587 4.64317
-381.93173 -7.53459 4.73062
-371.14676 -4.65404 4.73947
-373.57723 11.74583 4.72396
-377.81228 17.62319 4.76505
-374.58799 4.77246 4.6079
-387.91221 4.87916 4.6253
-394.28234 11.50662 4.68341
-377.0285 10.08902 4.73098
-387.59095 4.04529 4.78846
-34.85922 128.4168 2.35619
-47.99655 121.04086 2.28229
-33.96876 133.90259 2.26033
-39.67196 119.58172 2.40372
-25.03473 133.66724 2.3538
-21.65007 136.24997 2.35489
-40.77603 129.8505 2.45763
-40.57455 132.41898 2.22856
-28.75693 122.63089 2.3829
-28.40186 131.44534 2.33726
-36.68412 133.63463 2.38486
