-163.71759 144.74059 4.71238
-158.90301 153.73086 4.62999
-177.27698 127.47023 4.71959
-161.76246 149.35197 4.58242
-170.42063 139.98551 4.5317
-165.48659 143.68386 4.74646
-167.82106 146.00754 4.72418
-160.41885 142.65373 4.8835
-160.52971 138.01559 4.69317
-159.71705 144.88054 4.84815
-165.26874 145.13426 4.83538
-173.562 -154.3555 4.71238
-189.1247 -149.15569 4.73116
-185.63535 -151.71137 4.71733
-163.22355 -159.33353 4.68055
-172.12331 -153.03718 4.70108
-181.76997 -144.57652 4.57749
-186.51853 -159.04696 4.77881
-180.69006 -157.45172 4.68001
-173.83043 -150.91541 4.6896
-172.50169 -143.49577 4.71191
-179.46485 -155.98779 4.70036
-168.441 147.9744 4.71238
-171.51862 148.02853 4.72244
-165.55099 145.33821 4.75863
-171.45956 153.45928 4.73017
-169.8766 147.10592 4.64961
-160.06186 146.62148 4.76022
-164.14771 143.6846 4.84328
-165.62515 153.78991 4.70856
-177.8091 158.35383 4.68658
-179.32283 139.68163 4.53455
-170.51688 149.80485 4.68895
-164.2091 14.2451 4.71238
-164.13368 10.99668 4.67242
-173.76709 10.62743 4.63671
-170.30744 9.88434 4.77588
-161.13739 4.94682 4.69103
-165.16961 23.81378 4.57007
-162.68862 -0.92197 4.65997
-163.1375 13.52656 4.68326
-158.65509 14.35364 4.72697
-164.06457 17.98744 4.82644
-162.69541 17.61223 4.59514
-188.8455 162.78287 4.71238
-187.695 172.75745 4.7108
-181.787 155.93951 4.65628
-191.76325 164.8281 4.53964
-193.68583 164.93018 4.69957
-189.44478 164.64905 4.66211
-199.83681 168.56772 4.5672
-178.35944 168.12601 4.67403
-176.84049 166.00147 4.80617
-176.03751 170.87525 4.66941
-196.83237 169.68475 4.70802
-178.99654 161.55025 4.71238
-171.60087 161.99493 4.60854
-165.69796 151.06689 4.74279
-176.63231 160.08323 4.77177
-190.28643 161.15107 4.63929
-193.83907 157.96277 4.85561
-174.85591 165.79033 4.80342
-175.39137 178.57809 4.6198
-175.99079 164.23987 4.69488
-183.03915 155.63394 4.61468
-171.84433 167.44173 4.90791
-163.02771 14.00425 4.71238
-159.43559 5.61491 4.63105
-164.19312 6.39702 4.68416
-166.62557 23.99678 4.71591
-163.54513 14.18242 4.70863
-166.59783 1.88056 4.71389
-158.49385 28.52372 4.72281
-161.7373 9.91153 4.67109
-163.1237 14.05263 4.58508
-162.03588 10.83916 4.77697
-163.01976 25.3267 4.69424
-161.57569 -1.6546 4.71238
-156.8906 1.65997 4.65375
-166.00543 -0.57092 4.68947
-155.02873 17.38346 4.70768
-176.9554 -6.17634 4.72256
-168.17828 3.54868 4.63087
-171.91171 -6.37711 4.83611
-167.65428 -3.65596 4.63198
-162.91437 -0.36229 4.71875
-168.43855 2.7876 4.59835
-161.31895 1.18994 4.67055
