-57.44339 203.3158 4.71238
-50.56901 213.76704 4.72358
-53.84204 211.29453 4.76688
-45.59616 201.06156 4.69984
-59.48012 205.095 4.73642
-52.91745 204.11348 4.63954
-57.80555 190.68992 4.8314
-51.3138 195.85732 4.72946
-63.23779 194.46156 4.67872
-47.40645 205.41675 4.79565
-40.84241 209.68638 4.67963
118.78261 404.78919 3.14159
118.75289 393.05575 3.10626
118.61119 411.99886 3.14662
115.6809 392.91041 3.20469
119.03247 394.8966 3.23176
112.13991 406.67808 3.1584
117.44252 404.30121 3.25346
112.25164 406.7091 3.194
121.92776 409.22939 3.03634
129.38492 400.70634 3.14647
113.76552 413.08614 3.20411
-57.44349 203.3159 4.71238
-47.91554 197.66197 4.70471
-56.28811 211.67015 4.79663
-59.5737 201.43358 4.69558
-65.3601 204.29877 4.73703
-65.34848 201.8374 4.63549
-47.35245 204.79859 4.77802
-60.62705 203.23809 4.60909
-53.50306 187.35596 4.55485
-70.27678 220.97549 4.5784
-56.49634 201.06072 4.78451
-57.44339 203.31579 4.71238
-63.64734 211.97519 4.88229
-47.58437 209.445 4.69293
-61.36503 200.6817 4.80019
-53.7496 194.18487 4.79301
-56.00609 209.87089 4.73817
-59.23774 206.71154 4.71854
-55.93189 210.17375 4.68756
-55.20035 204.84392 4.76079
-58.16653 209.98619 4.72918
-61.17532 206.97692 4.67068
-57.44318 255.5426 4.71238
-48.58647 249.17405 4.63688
-58.55312 242.17769 4.64481
-58.95154 244.1253 4.7938
-62.95702 253.10408 4.6908
-45.5139 264.20606 4.72944
-55.4326 265.03435 4.67996
-54.52881 246.12573 4.7498
-58.56222 242.04121 4.66836
-58.07349 256.99474 4.76236
-54.82335 253.38985 4.69166
