178.38054 136.42413 1.57079
186.65323 139.41268 1.73749
184.58877 137.02882 1.58291
172.25692 145.34578 1.66503
179.94037 133.58634 1.57171
177.2474 133.10732 1.50579
179.69681 140.4314 1.45457
180.86822 140.14537 1.50383
174.96906 130.1456 1.51688
179.75999 134.68278 1.53116
173.0862 135.97666 1.68699
256.18914 135.07193 1.57079
259.89596 138.24087 1.52404
245.50924 126.23974 1.52054
259.48173 139.8098 1.6426
256.11525 123.43796 1.61955
251.05098 134.88248 1.57216
254.7584 124.06721 1.45584
248.57703 134.01391 1.61223
270.00888 137.76836 1.59247
261.36274 129.69001 1.64844
253.01966 126.78608 1.63206
