-177.81076 -179.57398 0
-183.29598 -181.37931 0.003
-180.82408 -168.59599 0.00381
-173.31318 -184.5562 -0.08012
-173.65961 -164.0615 -0.01747
-181.78212 -173.98311 0.05487
-183.11534 -183.67946 -0.07279
-183.3511 -168.74223 0.13973
-171.29771 -182.22583 -0.0969
-176.68822 -184.08048 0.08633
-177.98624 -168.26344 -0.06658
-176.62081 -178.63038 0
-188.6631 -169.96659 0.00399
-184.98497 -156.39258 0.14283
-176.28327 -180.73114 0.08564
-169.957 -184.06353 -0.04989
-176.96731 -166.89797 -0.06889
-179.24441 -187.81753 0.03735
-188.34249 -171.78701 0.16556
-185.58902 -177.1188 -0.09065
-193.84901 -172.35268 0.02242
-175.02002 -177.36352 0.00732
-176.62151 -178.59548 0
-187.15057 -185.38544 0.00885
-187.29458 -179.81298 -0.09305
-179.52964 -170.82647 0.00919
-178.38549 -178.16853 0.08729
-163.82381 -177.69422 -0.05297
-176.82406 -179.0282 -0.07688
-170.14608 -179.28831 -0.05841
-187.35701 -186.69757 0.02366
-180.06472 -179.74975 0.04521
-171.036 -172.37972 -0.05416
-174.77919 185.37904 3.14159
-165.09207 176.24366 3.01738
-173.94475 194.94055 3.2956
-170.60218 187.03897 3.13092
-176.13255 207.1772 3.15007
-162.4654 181.91013 3.14733
-185.26716 179.90025 3.11712
-168.23499 187.86751 3.15368
-172.11396 189.64726 3.17256
-175.30414 176.88119 3.11697
-170.4273 198.20908 3.21719
-176.62061 -172.30398 0
-170.39959 -176.57963 0.08227
-180.29378 -164.6643 -0.00959
-177.00574 -178.31721 -0.07665
-172.58602 -173.70529 -0.04458
-171.18678 -165.28651 0.02675
-170.36599 -165.98605 -0.04091
-183.51643 -168.85401 0.08966
-177.46215 -168.92893 -0.02473
-183.45126 -173.92889 0.04126
-174.87753 -173.42906 -0.12687
-378.0949 -25.67907 4.71238
-377.1672 -22.54011 4.71106
-387.55098 -30.16338 4.77556
-380.79388 -30.28651 4.80788
-383.48636 -14.16641 4.61019
-377.62258 -31.80767 4.67116
-380.21948 -27.61018 4.75344
-386.30634 -44.07095 4.56878
-390.35846 -30.8127 4.79961
-364.72107 -34.90891 4.71542
-380.6448 -24.5386 4.6797
-176.62071 -173.43078 0
-181.78469 -180.66759 -0.0298
-186.38073 -175.76728 -0.03275
-179.87355 -175.19115 0.08612
-170.23637 -170.38187 -0.00669
-166.75106 -171.80821 0.06637
-184.33275 -171.16111 0.06958
-171.04057 -181.02669 -0.05615
-177.0006 -169.21989 -0.07188
-183.67138 -186.61173 0.02063
-176.56547 -177.41591 0.11121
-176.62155 -191.34368 0
-182.96841 -190.88288 0.00602
-162.68449 -200.00519 0.10301
-174.42505 -196.5247 -0.03972
-183.82255 -194.34406 0.01003
-186.88038 -201.32556 -0.08187
-166.94675 -184.2673 -0.09456
-178.39059 -189.69886 0.11898
-181.74369 -191.98793 0.00567
-170.82203 -186.89526 0.01935
-185.09293 -187.36176 -0.1514
-176.62078 -156.78467 0
-177.4687 -158.42403 0.09098
-168.04102 -158.36058 -0.01953
-177.15187 -161.82004 0.02049
-176.39113 -145.15725 -0.01487
-175.37229 -144.35297 -0.13461
-167.64632 -153.29762 -0.16419
-187.14043 -146.94181 -0.01463
-170.05807 -152.4205 -0.03353
-182.91544 -149.19859 0.0365
-170.7858 -159.90119 -0.02252
-303.04006 111.67088 3.92699
-300.07107 116.48617 4.0108
-293.92437 112.84285 3.99654
-300.50919 115.59615 4.05489
-310.61005 106.35034 3.96389
-308.65232 102.25685 3.88222
-305.04645 115.40457 3.94946
-307.97755 116.67523 3.83005
-315.52278 110.61613 3.91038
-299.66577 97.02455 3.94143
-307.38628 113.04091 3.94944
-328.09439 9.72176 4.71238
-327.86336 0.60565 4.74897
-328.54135 2.60177 4.66954
-329.86187 15.96564 4.82803
-320.93283 13.04518 4.64668
-332.08985 4.46952 4.68525
-336.67807 16.59349 4.64703
-331.81951 10.02294 4.65009
-335.04691 13.12441 4.71149
-341.26619 7.19349 4.76978
-344.61369 8.7713 4.73581
