119.995 403.6117 3.14159
129.65669 392.46762 3.08771
122.89048 404.01285 3.19681
125.78048 408.73051 3.01332
117.52812 404.9222 3.1227
125.7938 407.7432 3.06974
120.61811 402.75879 3.07893
132.06624 405.60743 3.12828
129.4319 411.14719 3.122
128.19371 397.75437 3.13273
119.54685 411.13876 3.13757
-195.57299 296.1679 4.71238
-195.78612 309.79652 4.73045
-192.22556 305.53466 4.64765
-193.92628 302.48805 4.74392
-190.05314 288.80118 4.73994
-192.12945 289.01124 4.69269
-188.34914 297.96624 4.71549
-189.33495 296.70277 4.769
-207.14452 297.43548 4.60146
-180.67138 296.00525 4.78391
-191.94755 314.63602 4.71506
119.995 403.61179 3.14159
120.05359 406.1335 3.05565
116.05094 400.7941 3.2014
112.95055 401.56288 2.92128
130.42053 407.30366 2.98854
116.7832 397.81119 2.97101
123.74899 412.73648 3.08957
118.36906 402.347 3.22767
113.25061 398.2129 3.10218
99.21877 401.28672 3.05537
124.18941 402.5819 3.08567
240.2113 403.61163 3.14159
238.05688 417.28157 2.97249
240.762 403.77834 3.17113
236.88447 410.27666 3.1286
229.87892 402.364 3.32386
242.41542 398.96816 3.12244
230.88046 400.97474 3.07368
238.12132 403.50238 3.15489
247.13872 396.57315 3.08373
241.21556 405.86904 3.08643
245.62368 397.70797 3.09829
-59.53099 296.1676 4.71238
-80.06731 301.07946 4.64239
-68.57145 297.45871 4.77508
-57.62888 313.22026 4.80999
-56.40943 287.07103 4.77888
-64.71675 301.40497 4.77506
-64.52368 300.67861 4.73573
-72.7667 304.01444 4.67909
-48.33799 302.278 4.68178
-47.056 311.97848 4.8324
-52.88586 299.76106 4.64449
