189.4585 154.7315 1.57079
194.87165 139.89909 1.59799
194.42682 160.6947 1.53147
187.66493 149.94119 1.57662
189.80466 147.89251 1.53145
168.53585 153.78356 1.55269
195.21548 161.20989 1.63332
185.1271 147.58808 1.63731
181.54615 147.15912 1.59687
193.03307 149.9306 1.54071
186.84753 148.37307 1.60889
-71.63599 306.3943 3.14159
-73.8613 315.45901 3.15771
-55.31828 295.67675 3.13376
-73.99485 313.49685 3.16655
-75.43632 310.69901 3.11631
-72.79729 311.57441 3.08656
-75.76458 313.95667 3.11293
-67.94849 308.55406 3.13437
-79.57243 296.53438 3.0918
-77.03366 297.53052 3.17901
-81.21252 303.89478 3.20556
-178.72369 306.3943 3.14159
-180.8224 289.85361 3.16355
-184.22114 308.01525 2.97224
-178.60497 302.72556 3.12399
-188.62493 304.65901 3.09316
-180.86567 305.16742 3.10819
-183.48694 287.56967 3.15692
-178.10257 300.9114 2.97895
-173.89914 314.67149 3.15692
-173.32392 310.12511 3.06824
-178.66486 291.44655 3.0912
-160.22049 -1.87241 5.49778
-167.22682 -11.7948 5.46448
-155.7378 -14.58924 -0.78082
-164.38027 4.91381 -0.70405
-179.49258 3.63498 -0.73265
-159.09332 -6.65649 5.42611
-159.30759 1.15085 5.377
-161.18966 10.93555 5.4316
-140.80706 8.80097 -0.74971
-166.93563 0.62322 5.49109
-155.95063 -3.78368 5.35481
159.33482 284.63039 2.35619
158.58305 284.66546 2.28831
163.60915 292.39455 2.32795
150.397 282.78954 2.44304
160.85644 265.66449 2.39753
158.34991 286.98073 2.26448
163.52094 271.80717 2.34987
156.59634 278.37963 2.39028
160.3368 304.53047 2.34567
149.26147 283.48362 2.36655
154.30631 267.41346 2.4483
-126.86299 129.2548 4.71238
-131.42284 128.26962 4.66549
-128.55662 126.87298 4.65246
-121.51655 125.50556 4.68249
-133.00247 122.76413 4.86682
-133.43009 128.20192 4.65835
-125.21254 143.16477 4.56072
-131.13023 123.73027 4.65019
-122.1978 132.7129 4.7592
-138.71922 123.32162 4.6747
-130.13685 128.3252 4.70998
-227.58829 129.25481 4.71238
-213.66046 132.79972 4.61554
-229.98946 123.56637 4.65744
-221.54088 135.91135 4.58382
-233.01287 134.14964 4.8722
-228.10779 122.14821 4.71202
-238.60878 121.24829 4.72806
-223.24636 134.80664 4.67069
-224.81525 127.03269 4.70781
-226.59738 126.34008 4.67133
-233.89348 137.1284 4.68542
-166.26559 18.5014 4.71238
-175.17729 25.13812 4.64426
-148.14595 18.13226 4.83746
-163.09169 23.10263 4.76531
-171.35198 28.21052 4.88635
-161.57828 31.52174 4.78767
-161.00635 10.8589 4.79069
-165.84782 17.43539 4.72499
-166.97938 28.41958 4.82263
-163.03871 13.1769 4.65543
-158.96835 21.99966 4.59093
-242.16834 129.25491 4.71238
-244.51964 132.65972 4.69314
-234.14143 122.20545 4.62922
-236.75396 123.87178 4.793
-232.91006 135.14811 4.71859
-245.87497 133.94708 4.64192
-249.12972 127.33012 4.56013
-247.93081 124.31632 4.74848
-252.70055 134.69651 4.71109
-229.06396 123.3755 4.78446
-236.19232 131.18795 4.75469
-98.09701 129.2549 4.71238
-101.47827 132.91045 4.71313
-92.57496 132.58345 4.64932
-95.9493 130.11673 4.76741
-101.55447 133.66842 4.71365
-112.3798 135.67905 4.88721
-96.93124 129.55893 4.62744
-95.9605 134.10691 4.71753
-92.69027 126.8458 4.77434
-100.57556 131.50677 4.67404
-95.14825 118.98546 4.68858
