173.23959 146.29187 1.57079
170.46654 137.13993 1.60902
172.85857 143.45859 1.60038
157.57368 149.95258 1.53412
178.15809 157.55264 1.51612
168.97827 154.2835 1.54662
175.89178 149.00306 1.45239
170.82228 156.9181 1.71859
177.20633 148.92812 1.53002
178.53397 152.28064 1.43726
179.63354 144.78997 1.49988
-7.62523 306.394 3.14159
-7.16033 298.21392 2.98375
-6.07231 311.39237 3.22394
-5.03561 301.60796 3.1485
-16.79274 307.70144 3.15046
-19.99798 306.72403 3.26785
-5.53627 312.90235 3.04757
-8.70403 310.82585 3.25549
-18.379 304.0552 3.09441
-5.70016 306.70785 3.12474
-1.5486 301.03683 3.12634
-114.17399 306.3944 3.14159
-125.99846 298.29905 3.18796
-116.79903 302.13153 3.02889
-120.12928 323.87259 3.06148
-110.89931 304.65507 3.10932
-115.289 313.27082 3.21561
-107.52349 309.71565 3.05084
-115.07158 306.46691 2.99426
-114.68847 311.86419 3.14871
-110.0229 309.34565 3.08881
-128.56392 307.14899 3.15073
-9.69279 306.3943 3.14159
-11.85151 309.45887 3.2439
-16.66864 298.40782 3.27159
6.43508 310.25331 3.07342
-7.44426 299.19878 3.00638
-10.31911 295.43316 3.10966
-9.10119 302.60903 3.22613
1.41278 300.00211 3.15645
-10.3726 301.44531 3.12071
-9.70454 309.84037 3.2948
-15.96542 312.18386 3.07151
175.20529 277.27189 1.57079
178.62604 278.34802 1.6614
176.33247 270.03845 1.28968
182.58789 282.76799 1.59899
185.06136 274.80308 1.55841
182.46391 278.83014 1.49167
180.13801 273.62247 1.6349
167.25999 273.98292 1.58132
178.23254 280.2984 1.47546
164.7418 277.45473 1.56544
176.37115 278.67797 1.67993
-143.53164 264.15232 3.92699
-157.70534 267.24264 3.84935
-134.1892 258.79792 3.97024
-162.65601 262.7042 3.90604
-145.65822 258.4222 4.00718
-142.96779 277.47175 3.95354
-140.65284 254.43405 3.94402
-149.9383 258.21146 3.97787
-142.41217 281.38376 4.01866
-142.33469 269.45811 3.88734
-154.60568 264.00712 3.94829
165.38179 -48.39401 0
171.02515 -46.75497 0.011
163.74969 -51.32674 -0.05059
162.04097 -41.78309 0.04517
169.20945 -49.97133 -0.03136
168.19198 -46.42616 0.02611
172.5031 -56.33078 0.06388
172.89754 -52.8049 0.05222
159.17097 -48.81524 -0.01976
165.09734 -42.40436 -0.00604
169.14592 -58.42282 -0.05851
-12.77538 329.8622 3.14159
-27.72756 330.60579 3.11896
-13.93272 334.98657 3.16207
-13.7909 333.51113 3.08658
-19.56546 324.87885 3.2327
-7.33752 344.26932 3.0452
-7.58383 335.66486 3.26074
-12.2884 326.68846 3.16734
-25.40711 329.46787 3.13092
-14.07928 323.16366 3.16856
-13.38997 325.49741 3.19772
-153.15503 306.3943 3.14159
-139.83004 312.49788 3.0924
-159.91889 297.48932 3.11493
-144.34173 306.38551 3.17663
-151.3023 316.41839 3.12965
-149.83181 314.06927 3.20564
-163.95817 300.83348 3.15757
-163.51469 311.07637 3.15538
-143.21538 312.61805 3.03016
-153.42724 304.37344 3.065
-154.86274 301.00922 3.00612
-184.5088 -0.19012 4.71238
-188.26689 -0.80731 4.66215
-182.98967 6.19003 4.66238
-178.32567 -0.82867 4.70946
-185.80827 -0.50992 4.70229
-191.17004 -3.38745 4.72201
-193.37742 -1.48572 4.81212
-178.57497 4.46356 4.80205
-178.67085 -9.523 4.78953
-188.29795 8.0421 4.72618
-171.2763 -3.97721 4.80187
189.77199 280.68012 1.57079
206.43603 279.91745 1.67218
192.44428 269.40172 1.52231
186.22748 283.67879 1.5818
196.65431 275.72735 1.52261
186.1311 296.21054 1.52412
205.04794 289.71214 1.41242
188.61014 284.99287 1.52013
181.74592 284.76427 1.49134
191.95076 283.46811 1.60349
192.0411 290.13865 1.41536
