125.0401 370.3592 3.14159
117.41164 373.15795 3.05264
134.06158 359.84903 3.17394
117.84375 389.04013 3.15351
131.64378 363.44091 3.24096
117.90323 363.66172 3.10803
122.23832 366.27605 3.1123
120.24425 374.81074 3.35215
126.31651 375.72873 3.05922
125.51225 371.89276 3.25882
113.70442 369.28233 3.15523
20.6822 331.58145 3.14159
30.27916 330.39016 3.11481
31.48019 332.21427 3.16453
0.74966 337.10323 3.08061
24.00288 327.88159 3.11529
17.04208 330.42466 3.12115
16.6224 335.58337 3.0789
17.58928 342.92569 3.15427
26.59124 321.58335 3.04575
24.58848 335.15753 3.16268
19.10185 323.72321 3.12961
119.5515 91.06554 3.14159
120.01551 89.31701 3.05355
117.62519 103.20902 3.19963
118.43965 97.09437 3.10068
126.16281 86.32044 3.14056
121.2341 98.41814 3.15322
128.17993 96.88676 3.17496
121.95418 89.5519 3.02291
133.80818 101.01172 3.16798
117.89584 81.12721 3.1686
111.91763 82.29071 3.08087
