304.3385 146.68615 1.57079
306.34333 139.89387 1.59649
309.9614 157.21931 1.64681
303.81484 155.97079 1.41378
310.52258 165.0318 1.5439
292.9105 158.22991 1.54359
300.91006 146.4644 1.51733
311.75901 167.04317 1.56487
302.88748 145.2563 1.69367
300.20666 131.94596 1.58191
312.9794 141.17824 1.5881
44.7386 145.327 1.57079
46.5658 152.61953 1.66059
55.79088 149.73968 1.55527
48.35123 151.89248 1.52556
55.08971 143.04399 1.52878
37.03651 149.88643 1.5932
35.81213 146.76454 1.55418
42.99861 147.15615 1.56003
35.28208 144.52984 1.4603
33.66693 142.64963 1.42443
37.90834 144.6882 1.56795
64.99859 242.86419 1.57079
65.31209 249.83937 1.49132
61.08713 242.85427 1.68404
77.72211 257.20683 1.33895
83.23016 242.70934 1.70408
73.56142 235.53648 1.47304
72.4154 241.95624 1.64798
61.51103 247.4083 1.53113
71.29913 234.96744 1.52331
58.06239 242.21249 1.48876
73.10847 242.61492 1.68031
293.3679 143.5102 1.57079
280.85404 143.14505 1.56434
297.25038 147.79879 1.63725
302.14128 137.86096 1.6063
284.9508 142.64299 1.56356
295.87326 141.04229 1.57379
306.03055 153.20379 1.7454
288.87395 144.11593 1.57364
302.47494 130.97131 1.5699
296.37826 141.66548 1.56938
295.70537 149.65201 1.57244
305.8976 -17.1929 1.57079
302.13133 -11.50137 1.62139
308.56743 -3.86973 1.5897
305.31209 -15.17316 1.51435
302.97416 -25.65092 1.49211
301.47994 -22.75811 1.61506
303.40948 -13.52351 1.52286
316.26871 -23.20599 1.63717
322.7404 -7.26411 1.58646
309.5745 -18.27263 1.57321
305.84868 -13.10158 1.58028
302.84099 280.95499 1.57079
312.41167 275.92689 1.61495
285.42716 278.89078 1.59116
304.77375 281.54796 1.58559
304.50535 276.54099 1.54469
296.78749 279.6776 1.56371
294.67603 293.41696 1.56239
306.02469 269.46244 1.53815
301.06268 277.95614 1.43856
306.26248 275.83337 1.69145
291.6717 291.04839 1.5854
46.2853 279.38789 1.57079
48.16625 274.51104 1.52339
35.42476 274.76317 1.51685
43.07527 285.54073 1.6011
43.12492 280.44865 1.63432
40.90462 288.44338 1.62259
49.47034 297.03047 1.60717
47.00209 274.31159 1.57623
46.37887 282.14063 1.61495
45.53459 277.93731 1.58278
44.65198 291.91558 1.70555
-364.74382 -70.73438 4.83185
-362.93225 -58.33083 4.72162
-362.90461 -66.81297 4.79948
-363.02891 -79.59148 4.81798
-355.87475 -71.18591 4.9134
-374.10892 -71.623 4.68901
-365.46355 -75.31363 4.84014
-371.76164 -67.89583 4.85877
-377.4966 -82.68253 4.81916
-385.58258 -81.79018 4.80157
-353.50323 -72.50596 4.8559
321.5856 172.6032 1.57079
325.8296 178.08515 1.69121
321.05412 168.21155 1.51222
322.45472 167.68557 1.69061
318.78847 164.87913 1.5302
313.65606 191.21917 1.53453
330.11587 174.51048 1.73717
320.77235 168.00821 1.46878
325.23381 168.79291 1.52586
329.50646 171.0408 1.66883
317.32017 178.21483 1.44134
136.9848 -332.32469 0
144.44603 -326.52108 0.06183
133.98073 -327.05479 0.12476
129.26378 -327.91329 -0.00216
149.3082 -328.37352 -0.10502
148.98675 -329.73438 0.05028
136.5591 -327.40539 -0.13564
130.83804 -340.42748 -0.08625
126.1874 -324.7606 0.00532
135.52693 -325.828 -0.0691
146.40633 -337.81373 -0.12942
-127.65989 -331.3486 0
-129.39966 -335.05591 0.04536
-120.83996 -323.38667 -0.04261
-132.86152 -321.26775 -0.05813
-137.56224 -332.31791 0.00314
-117.38977 -323.67933 -0.07141
-121.89737 -323.3223 0.09728
-124.74003 -335.78977 -0.19219
-127.00211 -338.86045 0.04011
-131.06509 -318.0206 -0.03211
-126.13565 -330.04338 -0.12492
-122.63499 -43.54939 0
-128.37695 -26.73968 -0.06138
-114.00546 -56.72944 -0.06933
-119.35887 -47.75078 -0.02293
-117.97001 -48.71686 -0.04583
-119.14255 -46.27032 0.04481
-131.54553 -40.46656 -0.01001
-128.3309 -50.24152 0.00002
-134.74902 -41.94489 0.17227
-124.17912 -39.97567 -0.11909
-120.91732 -32.16569 0.02232
-136.33109 -169.9901 0
-133.31347 -165.07671 -0.06835
-151.0968 -163.41603 0.01773
-138.87105 -162.42861 -0.05528
-132.62267 -179.0524 -0.04987
-135.77691 -175.14353 0.08495
-137.46984 -171.79919 0.1749
-138.07658 -173.44895 -0.04252
-145.40363 -179.98302 -0.01327
-148.10895 -175.74792 -0.03538
-135.63092 -159.56923 0.0458
131.4978 -29.11197 0
133.26016 -19.69303 -0.05939
117.57563 -23.24279 0.07833
129.78131 -25.59563 0.09669
122.006 -31.45585 0.02584
138.93734 -29.68499 0.02324
129.75523 -19.27743 0.00887
118.61084 -26.66852 -0.05491
122.83186 -30.46663 -0.0253
131.62873 -30.33848 -0.05167
128.4082 -44.98525 -0.03339
-130.4339 -348.3891 0
-131.51346 -346.72895 -0.04606
-131.47022 -365.21393 0.03905
-120.47618 -342.42603 -0.1327
-128.88366 -342.76327 0.17801
-143.5494 -343.95944 -0.02686
-136.71394 -353.60725 0.08549
-127.03638 -344.11248 -0.00275
-127.79538 -340.76823 0.08596
-126.73805 -347.19614 -0.08091
-127.16605 -350.99428 0.03469
52.5315 280.72283 1.57079
56.77832 281.92884 1.51149
41.83227 281.93481 1.50619
47.24927 287.03592 1.57703
38.01181 281.37209 1.55181
43.39328 280.1541 1.56651
45.00118 278.56269 1.56857
57.62393 276.03439 1.56772
50.75174 265.52911 1.55492
40.66382 285.32247 1.69418
48.34486 285.49549 1.53869
312.34889 5.62223 1.57079
316.76838 5.88744 1.4283
303.26338 9.82337 1.62472
303.10471 15.5841 1.65837
306.08478 6.97538 1.70961
310.40785 -0.90606 1.52029
320.38838 3.49815 1.48046
312.41321 -1.11501 1.52909
302.15491 10.43781 1.5039
314.24072 13.21332 1.59421
311.39806 3.2881 1.5717
