-174.15385 188.4205 4.71238
-168.25578 194.82986 4.75584
-174.02712 173.91356 4.85465
-178.61364 185.9631 4.75318
-177.82324 201.25975 4.72886
-175.88059 186.14884 4.73214
-173.47397 187.67178 4.68447
-170.257 187.13079 4.72349
-179.56948 194.60261 4.72707
-184.68681 182.34089 4.57031
-166.03422 192.52364 4.72325
-24.40449 339.89435 3.14159
-24.14676 356.7991 3.14603
-28.65554 340.22391 3.16035
-33.2318 342.84143 3.30206
-35.86458 336.23626 3.05456
-22.87908 342.35551 3.13907
-38.11276 337.09134 3.09685
-34.07576 335.48522 3.14576
-25.59258 345.51262 3.08759
-24.09727 343.61123 3.08334
-25.52587 340.39163 3.10503
180.4999 134.35234 1.57079
187.15876 135.03365 1.6195
184.33095 136.51991 1.56222
181.06428 141.35267 1.5739
175.78305 131.52445 1.67312
172.6892 134.41583 1.55954
178.08065 120.88441 1.49829
179.33288 130.20924 1.57281
179.82287 131.61591 1.59038
184.85325 140.90664 1.69954
174.14535 126.67608 1.63947
