-171.14648 284.55789 4.71238
-161.08243 298.01965 4.73724
-176.98929 283.58519 4.83958
-162.22226 288.25182 4.78373
-159.35501 281.04748 4.60309
-178.72073 277.56145 4.73668
-165.66351 285.92248 4.76044
-167.18131 285.11359 4.65386
-163.74276 277.80235 4.63748
-164.23495 281.14243 4.84778
-172.49559 283.41779 4.79069
142.49975 299.43114 3.14159
140.48059 290.65511 3.18121
134.96841 305.22126 3.09699
140.43828 292.85332 3.15041
155.4283 305.65708 3.16671
149.28624 301.08641 3.1344
152.91936 300.66793 3.06142
152.41885 296.56369 3.11635
150.72049 293.01342 3.12911
161.8788 300.60235 3.16956
143.0875 299.49368 3.13623
-180.3712 289.03537 4.71238
-182.91521 289.59248 4.67271
-185.08013 289.65549 4.6717
-191.06843 288.18517 4.68609
-183.80935 290.66048 4.74075
-190.3264 287.32748 4.67415
-172.00124 293.39637 4.75879
-186.78078 295.10008 4.8655
-176.95267 287.48474 4.83701
-181.68052 288.00333 4.69425
-168.6316 285.49052 4.77334
-150.36874 -47.21679 0
-161.9244 -49.14911 0.01382
-146.11596 -38.63556 0.00308
-151.37 -47.42975 -0.14486
-148.73078 -34.28358 0.00381
-157.60086 -47.22053 0.11727
-164.32667 -22.76282 0.07978
-154.5565 -50.41067 0.11184
-157.49512 -44.33977 0.05307
-152.36776 -55.55669 -0.0484
-155.05666 -42.47455 0.18615
-144.00397 297.75758 3.14159
-152.29819 299.11545 3.08313
-135.29141 294.21732 3.20009
-150.07759 299.87193 3.15423
-137.31062 297.93217 3.1563
-140.59259 301.58171 3.21319
-146.52506 289.80801 3.05179
-139.84579 291.8474 3.30359
-132.06286 296.17927 3.10833
-145.6286 293.34482 3.17665
-148.30231 297.91794 3.02309
159.67539 -47.2167 0
160.28903 -40.88516 -0.05683
174.28022 -34.87971 -0.04411
152.7823 -52.26371 -0.02799
176.36975 -54.66607 0.06395
154.96429 -45.4077 -0.02657
152.54238 -41.47635 -0.1091
154.74167 -50.26965 -0.07811
163.7528 -41.74443 -0.12891
147.50289 -43.23526 -0.07907
161.0852 -39.12699 -0.02815
209.1528 128.95609 1.57079
209.52088 125.05863 1.5929
212.29387 129.95575 1.61301
196.82228 132.21588 1.51801
223.17383 124.90948 1.50514
209.80266 136.6571 1.59165
208.22568 130.67504 1.66811
212.91439 135.6038 1.55689
206.32359 127.59448 1.51645
204.72956 135.58441 1.44675
207.16186 126.99028 1.67704
-207.03349 129.04391 4.71238
-218.68993 129.24839 4.72851
-192.37812 123.84983 4.68654
-200.72643 117.78308 4.66343
-209.38813 131.15277 4.74989
-190.39582 136.41516 4.63333
-218.45628 137.39154 4.67812
-219.97185 130.10801 4.80157
-217.22417 139.75833 4.85262
-202.48562 129.19394 4.70721
-209.87411 132.18692 4.76166
-151.8244 -47.21679 0
-153.8317 -57.06193 -0.01258
-149.54063 -51.64252 -0.05996
-142.41103 -48.51829 -0.00953
-146.41662 -45.45972 0.01918
-150.43671 -47.49746 -0.04057
-154.76729 -59.25199 -0.01731
-144.78521 -61.8054 0.05026
-141.74835 -65.42793 0.07976
-154.9337 -56.17734 0.0953
-152.89582 -48.01692 0.17697
-162.1979 -47.21675 0
-164.00518 -44.11219 -0.10461
-152.26344 -41.84465 0.10038
-170.24466 -45.07469 0.08017
-153.73164 -39.50446 -0.10202
-153.56836 -45.82982 -0.17275
-172.60172 -40.04928 0.06012
-170.83854 -53.79758 -0.05235
-158.19844 -39.32967 -0.09799
-157.6715 -44.69464 0.09147
-187.03716 -51.16425 0.13423
161.46232 305.2169 3.14159
162.40186 308.1506 3.19776
156.85556 307.26521 3.12187
157.17021 302.7022 3.18996
148.70677 308.01097 3.14553
158.83478 307.70275 3.23656
156.37056 295.62092 3.10634
168.05291 307.66662 3.19594
171.45399 305.17977 3.13278
148.2486 307.94109 3.10551
163.02602 295.83232 3.10265
145.13492 305.21685 3.14159
138.92759 302.81101 3.0861
156.30216 294.53758 3.01073
145.24369 297.84849 3.17347
143.57156 301.44126 3.15119
148.38995 294.10869 3.22416
144.37464 307.32329 3.12026
154.84176 300.79529 3.08192
130.45489 293.73473 3.03642
148.71644 302.03121 3.20962
135.58636 307.07519 3.15166
-175.01026 283.1039 4.71238
-168.67347 286.96232 4.70743
-184.61386 277.93307 4.72377
-171.54369 291.74814 4.54582
-155.41771 273.68105 4.66738
-183.59476 277.62231 4.55663
-172.03854 276.12414 4.61438
-183.32381 279.47703 4.74514
-183.77933 287.35198 4.58511
-190.9314 282.14359 4.84987
-170.59382 276.08425 4.83666
-2.3064 355.21679 3.14159
2.47157 359.09278 3.17507
3.93517 366.0192 3.21843
4.33579 348.15694 3.18077
-13.0048 356.57158 3.22801
0.79067 353.77725 3.09847
5.84318 344.26519 3.17187
2.07263 357.66796 3.12173
-7.80049 352.40502 3.21451
-6.40418 369.71426 3.19892
-1.04718 356.33267 3.0582
1.77732 305.21679 3.14159
-1.66676 300.95347 3.14778
-1.04234 309.10506 3.07066
-4.58652 294.14797 3.1096
10.71371 300.24672 3.08238
10.48019 302.38557 3.16589
-2.34274 307.46259 3.11987
3.20944 307.65432 3.11747
15.44521 316.48023 3.07921
-0.24375 319.77157 3.07363
-2.76232 308.71078 3.11732
-166.46111 -55.89539 0
-168.69569 -50.22314 -0.01501
-159.20576 -44.22813 -0.0338
-171.38186 -54.85273 -0.04963
-168.61073 -48.55764 -0.04444
-173.15165 -58.15379 0.08032
-163.74879 -59.35558 0.1387
-169.43101 -65.68533 0.00801
-164.77339 -47.44566 -0.05102
-181.73478 -48.52501 -0.01727
-173.52051 -65.77584 -0.01433
123.76228 245.70624 2.35619
133.30675 245.133 2.47825
133.14297 264.93117 2.40502
131.47177 244.45384 2.44364
115.60273 253.93338 2.34159
133.92069 251.31638 2.32569
132.67172 240.40215 2.46917
127.00258 247.39549 2.4693
133.72948 240.84 2.33168
139.22075 237.69364 2.35715
117.86144 249.25973 2.3145
184.97322 305.21678 3.14159
183.68324 294.03027 3.12107
191.07954 301.94496 3.13133
192.83625 302.33589 3.12652
182.69682 310.91207 3.14618
180.64862 315.57146 3.09313
185.08984 304.30588 3.1128
192.13396 316.61809 3.09687
182.51852 297.17719 3.17028
197.6446 299.74335 3.09678
185.59372 296.95944 2.97878
209.1529 128.95599 1.57079
220.57044 130.86244 1.45523
206.57263 127.19253 1.58471
197.01622 140.08608 1.65489
211.36935 133.79955 1.52949
205.04276 126.96378 1.65429
230.71505 141.29925 1.43911
212.72088 134.12095 1.58755
208.223 130.75331 1.54449
217.12856 136.89079 1.59573
197.59699 118.15403 1.61977
-207.03369 129.04401 4.71238
-203.42453 122.07712 4.7994
-201.12155 126.69684 4.74252
-211.23585 124.41048 4.68662
-205.93355 125.08275 4.77369
-207.40435 114.15923 4.65043
-215.79716 121.31106 4.7353
-211.66349 129.54965 4.59334
-197.249 130.93809 4.91343
-216.12864 126.04452 4.76593
-210.94141 131.65347 4.60378
163.1867 127.81369 1.57079
151.95175 122.23245 1.59644
169.44348 122.91357 1.44395
155.02606 130.05345 1.55307
174.06885 131.86947 1.56486
161.94786 121.09161 1.49904
171.92214 123.27794 1.59324
165.42393 130.56213 1.4928
163.94816 132.1118 1.60704
165.20709 128.25804 1.46401
161.35207 125.67938 1.66421
-172.74632 -47.21679 0
-182.87222 -45.53614 -0.00187
-181.47882 -59.39435 0.05084
-186.70045 -44.91955 0.00536
-164.67525 -46.03166 0.07403
-174.47933 -45.72927 0.05739
-164.77913 -55.68597 -0.01177
-161.81504 -51.28509 -0.0739
-172.30224 -40.77523 -0.04909
-170.72806 -37.31417 -0.04026
-176.25915 -44.16504 -0.04154
212.90117 8.73979 1.57079
210.21361 4.42547 1.61264
213.51746 -3.60712 1.5771
212.90075 15.32211 1.45915
220.04435 27.43157 1.59736
213.48603 8.33696 1.65739
205.4997 9.50246 1.62148
201.95727 8.36961 1.53713
208.4278 9.10621 1.43731
210.23567 12.22892 1.58036
209.83469 8.36516 1.67785
-164.03726 -47.21675 0
-167.04719 -52.83872 -0.1544
-173.13998 -41.28966 -0.0013
-154.40205 -47.43502 0.11196
-168.83611 -59.19006 -0.12891
-162.27593 -41.07945 0.05328
-175.66573 -52.30275 0.05267
-174.87611 -53.26196 -0.04339
-161.5272 -62.09618 -0.03258
-177.49656 -53.21932 0.00393
-158.58189 -53.21237 0.08045
-174.76098 297.03725 4.71238
-169.1646 285.90412 4.65825
-171.94243 290.87371 4.66246
-165.42457 291.13691 4.83219
-170.4493 307.52977 4.64559
-177.4294 287.28343 4.68408
-177.29566 304.65322 4.65409
-190.43556 299.10355 4.62985
-170.97117 296.46407 4.79101
-188.90529 305.72944 4.62503
-174.88804 303.05744 4.67202
13.02952 305.21679 3.14159
13.75705 306.79051 3.17084
20.43372 305.36477 3.14349
20.33786 290.96689 3.04576
18.58925 308.77013 3.09526
10.7536 302.12281 3.17951
15.02088 299.68889 3.22798
10.14535 316.86587 3.0952
7.42723 305.9964 3.07454
5.94152 303.53836 3.04022
19.48461 313.59179 3.19921
169.1022 140.47699 1.57079
175.32093 137.24551 1.57824
171.48252 130.74554 1.5435
176.23702 135.09688 1.47685
163.55573 139.712 1.40337
178.30609 136.36363 1.38449
161.52997 140.72814 1.6921
150.8435 143.87089 1.58564
165.27299 133.12321 1.52096
170.8206 141.24722 1.56844
160.27284 134.75 1.53997
-163.839 140.01299 4.71238
-169.53313 134.14212 4.63564
-177.15705 145.55382 4.66583
-168.10682 145.40507 4.67778
-172.48472 149.99516 4.66401
-150.46859 147.43508 4.76019
-163.79914 144.30233 4.60652
-180.04622 138.8261 4.75301
-161.96937 139.89658 4.64136
-154.90482 144.37209 4.75752
-170.05543 141.12835 4.93575
196.14742 299.12298 3.14159
197.55141 300.17907 3.09704
190.59332 303.88396 3.09275
199.71365 299.49147 3.09478
189.05312 281.31884 2.98063
194.93896 297.06417 3.16985
202.59113 293.24676 3.21081
196.39371 307.47348 3.05728
205.2856 299.95334 3.11919
195.89744 306.31355 3.04686
189.36934 307.41586 3.04074
