207.94561 213.24933 2.35619
204.82662 204.52285 2.47274
213.82228 220.55981 2.30145
206.96857 227.21995 2.40315
210.22654 212.56951 2.37667
196.83962 220.49211 2.23934
210.20215 201.08255 2.43534
201.11476 210.68706 2.39966
212.09781 223.25179 2.31052
211.46514 216.32616 2.58834
213.2141 226.89298 2.28115
-224.98747 165.80404 5.23598
-225.36855 169.167 5.22283
-228.46379 169.73694 5.08222
-225.03599 172.98864 5.21233
-224.31406 173.5451 5.1409
-226.05376 170.81632 5.3583
-218.55855 161.41483 5.21598
-217.3988 162.90478 5.27791
-223.60684 182.59652 5.214
-215.14457 164.90749 5.203
-219.66445 146.58318 5.24904
-187.01549 -13.3053 4.71238
-190.1076 -10.01402 4.70675
-179.75233 -22.28872 4.73756
-193.71412 -24.65812 4.70463
-192.44961 5.65262 4.84282
-181.81378 -23.1862 4.63809
-184.29811 -26.32076 4.77473
-178.88022 -7.35716 4.55446
-183.56462 -9.24333 4.68407
-195.50423 -9.50905 4.65457
-190.44122 -13.21572 4.69339
-137.24197 294.43351 3.14159
-149.21283 294.17461 3.11985
-147.14468 289.45077 3.14765
-134.27282 296.74507 3.12902
-148.39523 307.39223 3.12688
-134.78194 288.97556 3.23949
-133.06679 292.64269 3.06105
-138.71442 302.45963 3.09718
-133.3666 303.70503 3.1198
-142.50924 287.54794 3.20844
-139.31408 302.78282 3.05429
114.1908 3.39326 0.52359
116.5137 9.11377 0.52331
119.14916 -1.28843 0.66529
98.29165 19.10237 0.51496
112.30426 5.63592 0.38604
124.19134 -2.02722 0.57558
100.58616 -6.0309 0.42287
112.43552 0.49207 0.60726
110.05363 4.61037 0.48586
109.44008 8.6777 0.59382
120.32753 7.2388 0.49567
-117.9762 5.57882 -0.52359
-108.92 2.49258 -0.45917
-114.72776 -1.5308 -0.57851
-108.70041 6.7254 -0.64667
-120.86545 15.47151 -0.51342
-113.78037 -2.06542 -0.53477
-124.19024 -2.47026 -0.40932
-109.44071 10.48737 -0.54103
-115.01587 9.79738 -0.57148
-117.13323 -3.37936 -0.66188
-104.82756 12.78371 -0.5732
162.90897 250.36495 2.61799
152.56771 243.06983 2.54897
163.99159 242.80081 2.61253
160.05812 255.21039 2.60449
167.82017 248.45731 2.62582
165.02082 245.16833 2.51144
164.61118 262.67473 2.73851
164.53072 257.03077 2.70486
172.27743 250.97435 2.58089
178.03446 262.35673 2.72271
165.60064 252.98983 2.60667
75.66305 388.10456 3.66519
79.67578 391.4977 3.73132
79.17058 397.94728 3.50914
80.56573 383.26464 3.53843
78.7935 394.49272 3.72946
72.70964 403.72838 3.58304
79.16124 382.26549 3.67121
71.52246 394.03312 3.71127
65.15417 383.91396 3.58252
71.97649 376.60817 3.63013
75.22846 387.94459 3.58856
158.29933 243.00502 2.61799
147.90124 253.20282 2.57325
152.89362 252.86014 2.74257
154.15979 242.3748 2.52985
157.58822 251.81398 2.55111
151.23018 238.35355 2.56467
153.40638 250.54918 2.5441
152.68693 243.06936 2.61734
157.78678 231.58672 2.70057
154.89332 244.24902 2.65775
163.47027 243.24006 2.5866
203.7364 133.61738 1.57079
199.76696 134.07891 1.48527
207.70871 134.16554 1.642
223.06998 134.77328 1.57156
210.6187 129.3561 1.43078
206.47261 127.27944 1.62713
219.09938 135.1944 1.61228
205.92597 131.98865 1.49606
197.54592 134.84837 1.48872
205.82497 141.92171 1.53434
214.06993 136.20148 1.64701
-174.4491 298.53175 4.71238
-178.55917 310.22634 4.75248
-174.21951 298.64882 4.68575
-183.66195 309.53996 4.7403
-178.56446 301.67189 4.86822
-178.18897 298.93539 4.66555
-185.5458 303.18234 4.69814
-175.23204 299.20509 4.6887
-181.34417 303.1927 4.70135
-181.27101 296.6244 4.6344
-170.79355 281.37951 4.81339
-76.53415 -106.72177 0.52359
-80.38319 -107.28905 0.58351
-84.49783 -108.23423 0.57855
-83.25231 -122.16677 0.54866
-83.28419 -129.46279 0.52181
-86.18614 -90.69962 0.59354
-69.02772 -105.43013 0.46454
-78.875 -106.48572 0.57987
-79.16478 -99.65326 0.58105
-85.16766 -116.58149 0.44622
-67.80095 -104.30831 0.47258
-230.85135 153.6309 5.49778
-229.51638 158.02246 5.33189
-223.3564 154.60402 5.44565
-230.10934 155.94531 5.41742
-245.08521 153.94354 -0.75477
-232.68205 152.59015 5.36973
-230.62106 147.77201 5.48181
-226.00401 155.70778 5.4498
-211.04835 154.81285 -0.728
-241.60464 155.51822 5.48711
-232.33197 154.86907 5.43932
114.19077 3.39313 0.52359
115.51227 8.18804 0.57057
115.37704 0.61073 0.5374
96.44339 5.9146 0.49215
108.74416 1.60705 0.52876
121.97837 4.41291 0.50407
121.57939 2.50662 0.46639
132.5288 -2.18898 0.56948
117.39987 -5.64763 0.52895
112.91282 -4.47001 0.5294
111.78078 10.48039 0.49704
-117.97633 5.57878 -0.52359
-118.41267 8.93166 -0.48689
-114.97957 17.30058 -0.54545
-118.72868 4.38779 -0.51817
-119.96937 7.52593 -0.53257
-108.98708 -1.02556 -0.58055
-117.01369 7.60613 -0.44268
-101.57587 5.42897 -0.47784
-117.09173 18.69727 -0.66079
-114.93097 22.20294 -0.57669
-127.46867 -12.31997 -0.51409
161.5562 309.71678 3.14159
160.73187 303.63248 3.11542
169.12074 309.12879 3.17044
164.66538 302.22292 3.0691
169.64906 315.11568 3.16682
155.11249 305.83028 3.05066
144.02904 306.52484 3.15783
156.29791 308.79971 3.21435
162.67648 305.09029 3.09704
156.12216 313.59888 3.01089
165.23685 307.87076 3.1222
-157.95362 250.90471 4.71238
-166.09687 261.42414 4.60401
-153.81904 257.16241 4.8241
-164.8809 250.99212 4.59199
-160.46708 230.29875 4.66938
-157.00686 258.30332 4.73229
-174.42806 243.48271 4.86262
-152.77188 243.35224 4.63556
-173.28901 239.85904 4.76126
-154.8099 243.23966 4.78561
-149.94901 256.98358 4.81511
-256.05729 250.90471 4.71238
-258.00186 250.87879 4.82109
-249.92753 249.18428 4.85241
-264.43001 250.78783 4.71792
-248.02861 250.7971 4.55879
-247.05216 263.80934 4.81085
-265.85457 259.07429 4.77373
-263.93741 248.33766 4.79858
-250.0391 245.88224 4.85445
-249.18787 252.52071 4.64138
-250.04969 262.88237 4.81603
208.71715 306.86089 3.14159
203.1625 305.77803 3.07241
220.41205 312.32727 3.01792
204.37583 299.52967 3.1706
205.57056 304.21782 3.25534
194.49151 311.49972 3.08181
205.46191 310.31565 3.23933
206.09167 308.0993 3.23435
199.12326 306.96702 3.1236
215.81324 317.04202 3.18613
211.8583 309.05971 3.18775
85.21642 309.7169 3.14159
87.22099 308.8295 3.08492
82.65494 308.72138 3.12114
94.90404 299.04686 3.15252
78.81402 312.42278 3.25926
82.78018 310.52585 3.16553
103.41358 318.6049 3.07692
82.92246 311.96046 3.13669
87.57896 315.46639 3.14428
78.08545 309.73415 3.02659
83.63453 310.77395 3.11452
108.41506 110.15564 1.30899
102.83364 118.65516 1.26209
110.50507 105.43701 1.33047
94.86861 111.75345 1.19358
104.82974 111.26926 1.33929
101.07966 106.28797 1.36987
113.80642 114.94791 1.39335
102.87152 107.53936 1.26723
116.88683 108.38886 1.26206
106.74024 107.22583 1.32889
119.01719 116.22559 1.32172
177.77232 183.31412 1.83259
184.22311 180.90559 1.87507
175.70626 190.63975 1.85139
163.57618 189.38862 1.83621
177.01753 187.67824 1.87709
172.731 184.78813 1.91961
174.83086 182.31917 1.81169
191.30143 165.68219 1.91356
173.76897 204.04967 1.7495
178.67613 190.70618 1.75401
165.5703 192.75095 1.79681
95.43444 -61.39156 1.30899
89.81789 -54.32618 1.34676
98.75015 -55.70912 1.15427
104.32336 -67.10097 1.34748
109.18715 -65.85018 1.32261
97.19542 -64.7592 1.23037
93.60697 -70.64098 1.29171
90.96515 -65.66794 1.39362
83.18549 -65.60413 1.33129
86.91085 -64.9467 1.23776
91.30248 -54.16189 1.24923
243.08254 89.29188 2.09439
243.647 91.83749 2.03263
239.78191 86.84942 2.15355
248.63302 102.0674 1.94306
242.85749 95.53158 2.1493
234.26629 88.73796 2.034
241.43184 89.4181 2.07504
234.82604 94.37588 2.06156
241.28338 96.6932 2.06141
247.82361 94.09887 2.04738
248.02427 104.93769 2.12117
