98.80573 385.40908 3.40339
93.40318 382.10983 3.48678
91.07113 372.87668 3.39655
107.77971 380.51557 3.27999
99.8377 395.92527 3.46512
88.6408 386.57217 3.53367
103.28546 386.15911 3.43997
101.72197 403.87043 3.37678
100.08823 388.77037 3.33259
97.74034 379.77833 3.36177
106.20303 378.5032 3.49018
142.40382 321.66577 2.87979
133.53967 321.75908 2.95611
150.12659 314.70745 2.80652
140.94644 319.5999 2.73728
140.31252 323.57421 2.83329
137.25327 324.27373 2.76021
153.38998 321.14672 2.852
135.84915 305.87511 2.87297
134.80272 321.9527 2.82482
147.97487 329.36261 2.8516
135.0666 328.47087 2.97998
111.3173 341.91031 3.14159
98.50861 335.41526 3.27308
102.25935 346.40821 3.05724
113.29772 345.44248 3.14511
111.59038 335.89159 3.11941
116.65379 335.59494 3.05245
109.89945 340.8427 3.17485
102.28699 349.29127 3.06065
107.21568 345.14211 3.12826
116.85888 332.60587 3.08895
105.70915 337.57782 3.18555
