-32.83674 174.03711 3.14159
-33.77838 166.69369 3.24446
-34.59597 176.04642 3.11752
-43.77861 171.00369 3.17893
-27.27149 164.26707 3.13118
-26.41002 164.39098 3.19734
-39.10284 170.31014 3.06392
-40.61799 165.02386 3.03966
-30.22345 185.99274 3.15278
-37.88502 160.9246 3.20109
-39.89049 177.1241 3.24848
-316.28408 174.98065 3.14159
-334.33316 187.74661 3.19888
-315.89429 183.51771 3.0711
-315.30723 165.09587 3.10577
-320.18898 180.40318 3.09626
-316.71032 168.63754 3.047
-316.76787 173.01248 3.12083
-307.41006 172.58091 3.11265
-332.22539 176.63905 3.11774
-309.70542 180.10282 3.12234
-311.73912 178.01414 3.11639
-326.27748 174.25872 3.14159
-321.33296 177.67484 2.98418
-325.1695 178.91083 3.09389
-324.61678 179.11329 3.0242
-315.26055 175.81889 3.13604
-319.34584 175.88886 3.21675
-322.3154 178.37776 3.13497
-322.75943 167.18465 3.38705
-334.05599 173.78781 3.09446
-329.76547 172.24926 3.1433
-311.16689 170.56517 3.07837
-376.9174 -1.15707 4.71238
-379.4269 -0.84446 4.65214
-373.22493 -11.90142 4.68527
-369.16247 -7.86081 4.80167
-384.33877 -8.40892 4.61549
-370.56181 -2.74223 4.64831
-373.94232 -0.97201 4.70622
-386.95564 -5.28009 4.70644
-385.5277 8.50287 4.73235
-372.19381 -4.30876 4.76188
-380.55818 -5.85864 4.81308
-318.563 -168.23184 0
-319.59395 -170.09187 0.13954
-318.45036 -171.90769 0.0893
-319.91247 -151.32704 0.03857
-308.48443 -179.96478 0.023
-308.52671 -176.30591 -0.00077
-315.88239 -174.68745 -0.02627
-317.83654 -170.34168 -0.02701
-316.67756 -166.93861 -0.04481
-321.79836 -167.13956 -0.04314
-324.10829 -166.50749 -0.00444
-32.83678 181.3071 3.14159
-30.47276 176.976 3.06987
-30.71594 181.9689 3.04996
-24.82721 184.08352 3.17561
-38.41153 180.00454 3.1765
-31.05991 190.17109 3.14736
-38.93515 197.94657 3.16314
-25.72862 159.66346 3.19195
-36.42583 182.25746 3.19557
-24.01716 182.5823 3.18333
-43.08477 186.46076 3.18673
-168.87868 151.70621 3.14159
-180.49915 146.13205 3.17654
-162.62912 146.17267 3.30229
-171.60837 150.51825 3.05631
-166.63227 154.8505 3.08739
-176.2062 145.14409 3.07337
-167.81506 158.26294 3.13865
-159.80945 147.39512 3.16129
-162.25807 144.52871 3.23628
-171.68928 159.50446 3.14535
-165.40329 150.31827 2.99381
-32.83668 180.1803 3.14159
-24.61223 180.34282 3.05944
-36.25509 174.63313 3.1706
-19.72439 171.11707 3.19337
-27.40417 178.26784 3.11001
-40.44121 180.40292 3.18301
-31.63485 180.38668 3.13353
-27.22979 186.36521 3.16973
-31.72859 188.11735 3.15879
-34.16588 193.31223 3.14805
-31.69629 190.65419 3.21745
-56.12938 -141.50004 0.78539
-48.85366 -152.1612 0.87251
-60.12208 -138.88784 0.82804
-52.88184 -141.30597 0.79047
-61.56572 -148.94414 0.78718
-61.6842 -127.49951 0.77771
-47.20532 -148.14374 0.68212
-62.34765 -144.19054 0.88248
-55.35171 -127.55534 0.89148
-60.31121 -150.10053 0.82086
-52.46928 -144.68422 0.869
-32.83658 185.8989 3.14159
-32.91842 188.98957 3.24554
-38.49026 180.84717 3.07905
-30.14085 190.81113 3.09816
-31.29769 185.61982 3.1156
-39.43637 196.35016 3.1898
-30.08812 193.0439 3.06474
-29.02332 194.14475 3.07447
-25.30586 184.42703 3.23013
-32.47274 178.51769 3.11726
-36.44917 184.58196 3.13869
-56.12917 -141.49983 0.78539
-63.43257 -143.57654 0.83504
-67.91904 -151.16182 0.81482
-61.56492 -146.69454 0.79218
-59.9182 -143.57696 0.96921
-59.48566 -148.95201 0.78372
-53.29719 -140.36968 0.84778
-49.53799 -144.45013 0.71716
-59.8705 -140.00369 0.82099
-62.8241 -133.5197 0.66758
-75.70954 -139.44301 0.75924
-318.56334 -174.25889 0
-313.44033 -182.9687 0.00433
-324.01159 -180.47951 0.00011
-323.50795 -163.76481 -0.02135
-324.39648 -175.85179 -0.06702
-311.33423 -176.29345 -0.00032
-319.78804 -175.55845 0.01736
-331.44241 -170.19594 -0.08107
-310.70009 -173.42065 -0.04085
-318.41692 -175.93507 0.00485
-317.6873 -183.23375 -0.07131
-376.91737 106.31102 4.71238
-369.093 117.45977 4.72619
-380.22325 89.19704 4.65674
-376.57938 113.59715 4.68308
-382.02415 111.62023 4.52659
-365.15901 98.28875 4.83938
-377.7121 118.86845 4.75829
-380.98965 103.1559 4.77547
-379.93836 103.27966 4.67188
-362.97785 98.27275 4.57192
-370.962 95.55819 4.82478
-32.83678 196.82622 3.14159
-28.11009 194.8311 3.14141
-39.35781 199.4825 3.25518
-28.10102 194.97612 3.08419
-40.21339 199.92341 3.02199
-36.97556 200.53787 3.06663
-47.32683 190.43105 3.18534
-26.05842 206.09458 3.06166
-32.84149 203.82059 3.02696
-33.25773 199.83929 3.17478
-40.16686 194.32339 3.09524
-62.55844 -147.92901 0.78539
-71.99629 -153.66354 0.74273
-55.40971 -138.42928 0.83807
-65.22661 -151.78305 0.84505
-60.00556 -159.73696 0.71671
-63.80373 -139.85734 0.81032
-59.62335 -146.35203 0.82769
-62.9856 -150.10664 0.68703
-62.55967 -144.77912 0.82464
-57.65784 -140.94406 0.78506
-57.27532 -141.90082 0.80913
25.51639 -186.28985 1.57079
37.56287 -186.41933 1.43078
20.50458 -178.77567 1.54072
41.67827 -184.47373 1.62645
44.39843 -192.19636 1.44804
17.23193 -189.21492 1.60569
33.46702 -191.63422 1.53306
29.40168 -184.01023 1.55034
20.50668 -183.86643 1.65591
20.25678 -185.63713 1.48833
16.77013 -181.4996 1.59308
