153.14056 218.08871 2.09439
154.67514 216.70631 2.09821
149.52836 214.32276 2.08187
160.54314 228.97282 2.07882
157.51971 223.62808 1.93088
158.70819 226.99521 2.14805
155.29719 216.6479 2.04963
155.63728 227.40916 2.08636
156.04945 226.74484 2.23967
152.48894 222.72566 2.09544
151.91481 236.16477 2.05021
167.70914 265.57378 2.09439
161.77096 263.10996 2.1603
162.84281 278.41377 2.13492
173.3115 268.04609 1.95534
165.00534 259.09379 2.0868
174.89062 275.89566 2.15042
163.39295 266.27057 2.00541
163.36396 274.76435 2.13342
171.64149 258.04803 2.14382
161.92547 266.81898 2.18362
168.56914 256.11643 2.26453
135.83791 90.32095 1.04719
130.09823 89.34415 1.05779
137.73179 85.49766 1.01313
129.2727 86.37864 0.95315
122.24373 91.24796 0.99906
129.45756 76.39505 1.11145
145.68966 82.80501 1.21136
132.74676 82.84229 1.06966
145.31415 89.57075 1.03742
130.10004 91.39267 0.99536
131.80602 95.8842 1.06532
-143.02656 8.66093 -0.52359
-144.88973 13.84204 -0.54339
-141.82677 12.97952 -0.43821
-140.94484 12.36686 -0.4805
-135.59976 15.79427 -0.67431
-136.50598 11.4062 -0.5214
-141.78121 3.9453 -0.53899
-138.01772 6.74695 -0.44387
-147.76541 13.89941 -0.43982
-134.56623 -3.47572 -0.47475
-145.30737 16.84589 -0.53122
179.162 154.74776 1.57079
179.01115 148.24479 1.58441
187.74225 168.52757 1.60366
187.40451 137.4215 1.58859
173.14391 146.24918 1.61468
183.518 150.79584 1.58559
177.57875 151.42619 1.60985
179.08112 145.43852 1.46486
178.36228 170.05377 1.50349
187.15285 152.19931 1.53244
179.99649 149.37454 1.53573
167.70919 265.57369 2.09439
162.5165 263.11487 1.97465
166.01575 264.29428 2.2079
168.78436 270.29278 2.05896
177.34594 268.68399 2.01246
174.3472 267.96925 2.22439
170.3282 280.60912 2.13856
180.17397 285.79669 2.18455
173.3051 257.66953 2.13212
170.49096 274.83264 2.23269
171.2587 253.90984 2.11083
135.83786 90.32086 1.04719
142.56092 90.98629 0.88125
130.06162 91.80947 0.9386
138.4497 94.97957 1.08045
149.65525 100.94638 1.05227
146.96386 82.70056 1.08398
137.09042 93.34616 1.0423
124.86395 93.24739 1.12653
134.18126 79.52454 0.95496
133.43739 86.22886 0.98883
126.31862 82.3356 1.01997
42.34219 -46.75 0
45.14202 -48.75979 0.00532
42.93223 -47.30221 -0.08244
55.58547 -56.53656 -0.07722
37.60634 -45.45414 -0.04438
30.60259 -53.3364 0.00424
34.88586 -35.23989 -0.06107
38.61122 -57.03865 0.1832
36.14632 -46.58554 0.06515
40.19391 -46.23168 -0.03239
46.47675 -47.09419 -0.01461
-55.76147 -46.74999 0
-45.7161 -40.35741 -0.09216
-41.77575 -52.27915 -0.08692
-60.14091 -37.621 0.0113
-63.33219 -39.58562 0.00833
-59.85143 -50.45415 -0.07865
-55.99836 -40.65951 -0.08197
-50.65869 -43.92879 0.0095
-57.25513 -34.41474 -0.03545
-51.92386 -51.65783 0.11557
-42.94405 -50.28297 -0.11695
64.93315 -46.75 0
60.65943 -34.80544 -0.17073
62.17308 -44.14643 -0.046
55.06669 -46.51964 -0.01729
71.86211 -54.70564 0.16263
66.61364 -44.41174 0.13269
71.73889 -49.86264 -0.01639
58.29076 -49.65258 -0.05071
52.64159 -54.24721 -0.08931
64.39223 -44.3404 0.03976
58.87974 -52.30624 -0.01833
-58.56757 -43.89399 0
-60.68256 -33.88154 -0.07883
-60.48844 -50.94927 0.09205
-63.44413 -49.54493 0.04225
-45.37322 -44.82362 -0.07847
-54.36671 -54.19318 0.07926
-51.7495 -46.79488 -0.05392
-52.53525 -45.71726 -0.08555
-61.39439 -46.62559 -0.07196
-69.3239 -57.63236 -0.06248
-51.46884 -30.02434 0.02775
-229.6481 214.73486 4.45058
-234.53093 215.21094 4.42248
-228.92213 214.50922 4.54458
-236.02398 198.98193 4.46028
-240.18275 219.49183 4.60148
-222.59708 205.80431 4.3312
-229.45093 212.81791 4.50811
-234.69564 214.84497 4.43713
-248.17687 215.23872 4.40342
-232.13906 205.24118 4.44097
-238.09129 213.01949 4.41488
-167.28864 104.85107 4.97418
-165.6594 95.39913 5.11278
-180.89697 120.48648 4.94307
-170.26327 116.57409 5.04907
-174.15917 107.33391 4.90259
-166.00861 97.06249 5.05119
-176.09581 95.49801 4.82215
-168.74731 108.32804 4.90785
-173.58091 101.26688 4.99588
-163.92795 92.79482 5.04722
-184.58135 104.01552 4.9866
-195.39583 219.46229 4.45058
-184.00438 220.3753 4.66237
-199.73278 222.27016 4.30001
-187.70946 216.36796 4.58561
-195.56965 227.13512 4.38635
-187.45593 214.46061 4.55546
-215.74301 216.67432 4.48191
-199.35735 211.5132 4.48953
-192.40686 224.06905 4.58618
-184.11943 230.36549 4.29171
-200.83264 221.87589 4.54355
-161.15918 82.23748 5.23598
-158.20927 93.72134 5.25395
-149.48983 84.53752 5.21403
-159.11219 79.89192 5.33015
-157.88503 81.95739 5.19126
-165.07635 85.18414 5.31628
-162.96216 79.2445 5.35262
-144.84297 93.54397 5.35656
-159.75776 71.7826 5.21046
-164.66143 69.79848 5.33092
-156.74169 75.46181 5.22936
