-52.42811 -179.35239 0
-44.53394 -177.3991 0.13876
-49.78665 -189.21323 -0.03564
-50.87364 -173.89728 -0.09086
-46.54115 -174.12385 -0.15792
-51.26658 -172.02895 -0.03744
-57.48876 -190.61465 -0.02679
-52.87797 -167.84413 0.10469
-62.72788 -190.39126 0.07687
-52.51211 -173.45223 -0.04013
-47.49339 -175.13672 0.04719
-37.68325 125.79387 2.35619
-35.18898 120.01057 2.36692
-29.23395 136.41032 2.389
-36.30872 114.05252 2.32798
-37.41766 128.57164 2.43529
-24.86904 128.1444 2.43112
-34.07288 133.51331 2.36658
-38.8335 124.61062 2.38161
-42.02669 130.99176 2.36561
-45.6649 130.44752 2.3301
-28.10357 117.15283 2.34531
-52.42801 -167.71189 0
-58.62755 -163.72546 -0.0473
-46.23252 -167.26198 -0.07559
-54.00172 -168.16995 -0.02746
-47.52412 -179.22846 0.00532
-53.60216 -170.22758 0.05503
-47.89472 -167.05987 -0.02754
-49.36646 -174.60379 0.00644
-44.22851 -168.39783 0.07864
-56.37565 -173.36435 0.13129
-40.54296 -168.92261 -0.08157
-37.68325 125.79402 2.35619
-39.39249 139.64359 2.53487
-37.47332 133.28359 2.34776
-37.16846 117.16615 2.32746
-46.9185 132.20513 2.40813
-48.31272 118.26161 2.30478
-31.43166 124.34613 2.37994
-28.35642 130.63576 2.41879
-32.61828 123.10544 2.38513
-31.48083 126.65598 2.32025
-38.95561 124.3927 2.36102
-298.97205 179.3522 3.14159
-293.89419 181.16326 3.07452
-297.98947 185.95498 3.26394
-290.1158 170.51806 3.20319
-298.38589 167.46517 3.09237
-298.91438 172.25568 3.16583
-308.80686 176.34873 3.18709
-293.4042 165.56082 3.10421
-295.23408 179.40798 3.19227
-302.18933 169.69692 3.25397
-301.75495 189.03803 3.26177
