-14.55471 -182.28429 0
-22.46313 -187.02153 -0.07377
-13.64683 -184.32703 -0.04997
-14.46663 -186.44015 -0.05966
-10.22812 -192.61997 0.00174
-12.28806 -191.18961 0.15203
-16.24177 -183.80897 0.01629
-9.84062 -172.95201 0.0418
-17.82326 -183.47476 -0.08047
-16.44516 -194.76997 0.09454
-24.1256 -184.07208 -0.01303
-13.33381 -178.31109 0
-12.08609 -195.3401 0.14922
-6.11053 -189.15375 -0.02862
-16.20063 -178.76647 -0.12936
-14.80415 -181.89136 -0.03348
-23.13164 -174.66932 0.09741
-25.32164 -188.46636 0.14328
-7.30191 -179.22036 0.11489
-3.23439 -177.44222 -0.13404
-21.38917 -187.03886 -0.02687
0.44318 -172.08998 0.02187
19.91368 -176.72428 0
16.38621 -171.20306 0.05875
13.59012 -169.69924 -0.01295
25.99319 -175.76762 0.211
16.01247 -167.0273 0.07082
25.04845 -180.23133 -0.12727
22.1134 -171.67447 0.0034
21.79679 -166.71738 0.01838
10.95903 -188.03273 0.00812
16.08544 -179.49491 0.04002
16.76056 -175.39721 0.00624
-208.07 -19.50228 4.71238
-214.43699 -11.57288 4.79668
-204.68719 -17.9269 4.66999
-213.40403 -18.30751 4.73165
-216.37139 -14.25208 4.70999
-209.1888 -22.5315 4.63206
-212.13758 -14.10464 4.75165
-206.42408 -25.99706 4.57875
-209.25007 -23.00072 4.73664
-201.8927 -17.43579 4.75346
-209.69839 -34.31781 4.81436
-13.33401 -178.31109 0
-17.03268 -172.16613 -0.07087
-17.61077 -172.13332 -0.13201
-17.24316 -166.05943 0.15175
2.97595 -178.56515 -0.04702
-20.12425 -178.78328 0.0119
-13.28834 -181.03688 -0.05029
-25.73299 -171.13991 0.10522
-21.55258 -177.79969 -0.11365
-11.53131 -189.59661 0.06087
-12.19379 -172.36394 0.06484
-16.0182 -167.07879 0
-11.47742 -169.91468 0.12746
-27.46314 -154.12032 0.04816
-16.83869 -165.25864 0.00292
-19.10139 -163.39571 0.06523
-6.34112 -171.00447 -0.04885
-13.02906 -169.98842 0.10109
-10.4281 -166.60117 0.05597
-13.91477 -173.42766 -0.11848
-16.06233 -160.23108 -0.0402
-10.11973 -157.72798 -0.00553
-8.6894 -183.24659 0
-7.90696 -179.24524 0.01073
-2.04109 -200.81226 -0.01164
-10.26422 -179.5334 -0.05395
-10.46646 -179.50243 0.0822
-1.68134 -167.29465 -0.08888
-2.58562 -190.17516 0.05655
-22.50343 -171.10467 0.07221
-1.21743 -185.06104 0.01449
-16.91848 -179.99451 0.09565
-7.50404 -181.53645 -0.11874
