4.32843 171.47799 3.14159
-10.90313 171.32397 3.01069
11.79649 165.14213 3.00591
1.88113 161.52173 3.18548
22.71914 183.81485 3.06947
6.3281 168.59655 3.21089
8.77935 159.18543 3.14855
-0.34542 176.56031 3.13943
-4.06272 170.36328 3.22379
10.90042 169.87471 3.09888
1.73012 168.24457 3.15159
-10.91789 184.1335 3.14159
-13.74537 192.84786 3.05823
-12.17655 169.20873 2.93989
-2.58849 184.10551 2.96628
-10.4647 179.08131 3.17287
-6.1347 186.64769 3.1213
-6.26275 170.34009 3.1557
-20.71056 182.26654 3.14727
-12.97618 179.39755 3.15535
-12.27299 187.36353 3.1403
-18.14555 180.8979 3.09613
123.96138 -170.1312 0
120.5987 -170.92573 0.01356
117.67808 -165.47588 0.11045
123.70411 -170.87922 0.0449
112.65422 -168.54007 -0.00278
120.79495 -166.68839 0.06367
117.90385 -158.20617 -0.09872
124.05963 -170.11609 0.10333
132.9277 -180.37655 0.04262
127.49883 -173.66573 -0.00042
125.3721 -174.08328 0.06108
163.19138 -176.07411 0
164.2562 -183.6043 -0.05767
149.33454 -179.97493 0.20111
164.83812 -175.58576 -0.12082
157.73939 -174.76843 -0.07656
166.27451 -165.86925 -0.0818
177.13344 -187.41154 -0.01318
168.9533 -177.31997 0.0288
175.63641 -167.91602 0.00644
155.79137 -174.27858 -0.01295
166.75261 -181.64608 -0.07366
-183.87029 0.90021 4.71238
-184.8309 -12.77012 4.68545
-187.14703 4.9723 4.64998
-184.71557 10.86443 4.78121
-170.33477 0.52256 4.95852
-190.65528 8.646 4.80038
-193.09541 -5.50549 4.71816
-189.79913 13.77835 4.71758
-181.09411 0.21704 4.61665
-185.56473 2.74495 4.6496
-177.89189 4.6942 4.72008
