-145.04298 139.5089 4.71238
-141.99425 133.70466 4.70473
-152.98682 131.06135 4.5794
-139.27254 138.68806 4.68035
-144.08263 135.5957 4.78542
-146.35697 140.61279 4.55628
-143.38621 132.37141 4.70182
-143.98022 146.22479 4.56045
-147.25134 154.5045 4.60067
-154.01582 144.22889 4.64718
-151.5113 148.50796 4.57933
181.80786 144.8166 1.57079
174.91818 149.67909 1.58156
186.29242 144.64621 1.61583
180.95315 135.87526 1.65258
180.90461 149.28401 1.47409
174.56306 134.81846 1.59164
188.28211 135.49247 1.5452
179.22411 149.11155 1.59577
187.31972 129.71599 1.70734
179.39449 154.82103 1.64912
187.45982 145.78458 1.50534
88.83767 -36.33045 0.26179
88.65638 -28.69739 0.39358
89.57238 -39.48428 0.22111
83.0047 -24.92103 0.3788
79.89667 -34.24841 0.18801
94.86211 -44.18892 0.2239
85.08833 -36.59391 0.11108
86.56224 -42.8957 0.30006
86.56429 -33.64654 0.30346
73.04515 -30.33076 0.15411
104.76186 -26.58506 0.25981
-77.09851 -38.58736 -0.26179
-66.06465 -50.90294 -0.23477
-71.94653 -40.93444 -0.1839
-76.53063 -35.81965 -0.16885
-75.68322 -29.28778 -0.32833
-66.83679 -34.0894 -0.23222
-80.75972 -51.14186 -0.34433
-78.74029 -48.69778 -0.26287
-57.80738 -40.31953 -0.14858
-79.83082 -28.35451 -0.31254
-77.59545 -40.0894 -0.25549
73.06367 -59.9658 0
65.62493 -64.45109 -0.08789
71.82977 -54.93621 0.065
65.118 -65.00491 0.02994
83.88976 -66.47081 0.00145
74.26662 -70.4142 -0.05665
74.54853 -49.03632 0.0536
81.62389 -59.50605 0.02035
55.08654 -58.09814 0.09823
60.24926 -65.71462 -0.01426
79.01091 -46.25386 -0.00617
-33.61233 -58.10109 0
-26.40355 -61.98307 -0.07073
-42.96611 -56.5557 -0.02331
-36.83418 -60.01073 0.07938
-28.35897 -58.19651 0.02611
-39.52152 -56.32846 -0.04216
-20.71164 -66.06925 0.03208
-33.83108 -47.3347 -0.03653
-33.27334 -65.53195 -0.01017
-18.88965 -58.96487 -0.01906
-27.23181 -67.40785 -0.08736
168.7607 138.59452 1.57079
171.52631 133.69935 1.50279
168.69237 133.22084 1.65741
173.13598 124.7927 1.75304
170.60933 135.66183 1.50988
169.21645 153.05779 1.53577
164.93821 144.77448 1.52943
175.99968 136.1752 1.53929
166.36036 136.47009 1.65298
162.00156 138.77539 1.5314
171.87609 139.70051 1.62066
