57.34728 128.0467 1.57079
50.65972 122.74694 1.6749
62.20301 119.65329 1.51005
69.6538 119.40422 1.51635
51.34127 132.60499 1.37578
49.07751 132.18463 1.66858
56.71986 132.75636 1.58406
60.52484 127.84861 1.57255
65.47825 130.5191 1.57167
58.81081 134.48721 1.54511
58.90852 123.54106 1.65994
53.02263 -135.4364 1.57079
48.55243 -129.03011 1.57753
43.65666 -134.93367 1.57241
49.75413 -146.33515 1.55881
55.40027 -135.36961 1.72384
56.00927 -135.88353 1.54842
52.05714 -129.31308 1.68334
55.71427 -142.78754 1.52093
45.82144 -132.64675 1.56715
52.41568 -127.26449 1.47775
55.5497 -127.86119 1.51958
66.6784 132.88599 1.57079
57.62317 136.45873 1.59656
74.30958 139.12776 1.47738
72.37405 131.92297 1.71252
69.06361 139.96331 1.57256
58.02472 131.32468 1.65916
78.80147 126.67396 1.51591
52.70437 144.64306 1.58187
58.36776 143.02541 1.57354
65.34393 130.55875 1.54849
71.65189 138.40287 1.6057
48.12525 138.0588 1.57079
53.19394 147.66854 1.6414
47.60425 143.88084 1.63188
47.22154 131.74018 1.56231
47.1469 141.64874 1.60884
53.1798 134.19581 1.52293
44.64507 140.874 1.57292
55.21147 125.88199 1.56326
48.26924 143.8873 1.60198
50.49199 145.64794 1.55347
48.93003 136.72532 1.55216
6.2575 -34.43 0
12.64746 -43.38802 -0.10073
-1.49396 -24.38991 -0.06733
13.33952 -27.09639 0.04715
8.75737 -23.5412 -0.12727
-4.63963 -37.53475 0.03723
6.23208 -39.40931 -0.02458
7.01284 -24.07054 -0.03705
4.97413 -30.39288 -0.05518
15.51515 -32.68733 0.03409
17.35783 -34.57586 0.14353
288.1357 149.77396 1.57079
275.08503 150.78921 1.50315
285.60685 151.75805 1.63659
295.73729 159.37534 1.60715
280.32568 152.65805 1.49016
283.28321 145.46678 1.55861
295.13667 157.12644 1.70251
294.42389 158.47262 1.70645
296.28374 151.91792 1.56912
288.27402 137.00152 1.53095
292.93814 146.3804 1.56729
68.27575 149.77395 1.57079
64.96093 142.78725 1.40573
66.29371 151.27255 1.48745
72.5623 146.48759 1.65616
71.31861 150.35225 1.58171
71.13205 157.8732 1.52373
54.69754 142.02213 1.62601
75.5321 136.91649 1.70995
81.46304 146.06105 1.51709
61.0038 138.39223 1.50591
68.93211 144.99706 1.58995
78.1256 128.26566 1.57079
79.33295 130.33325 1.50734
74.93766 133.62738 1.64173
79.25814 126.68094 1.52698
70.08024 119.00508 1.64176
84.7809 135.58008 1.56631
83.41674 124.5966 1.56062
83.78539 120.37948 1.61646
77.61107 128.53477 1.72047
84.76914 132.35216 1.75502
79.35235 142.23144 1.45594
47.81176 3.43652 1.57079
44.99171 -7.31484 1.56762
47.68411 7.44342 1.52242
40.09298 5.61437 1.48169
49.69222 -6.75857 1.5231
48.82082 -1.01612 1.70488
54.08557 16.0565 1.55039
45.67241 5.95579 1.56909
46.22832 5.6941 1.61102
42.09066 10.15999 1.58324
55.11577 -17.04611 1.68116
304.99736 143.01202 1.57079
306.15216 151.26048 1.55928
309.78667 151.7243 1.61293
305.67108 136.4279 1.69555
311.05854 130.61362 1.55532
299.08689 138.66426 1.66632
292.79978 144.03675 1.55009
297.84012 140.59553 1.47195
301.76403 140.99908 1.51311
312.43616 142.78082 1.59295
301.00356 138.973 1.40449
207.48899 -161.62799 1.57079
207.80289 -164.4375 1.50744
213.66866 -169.01865 1.54304
205.58319 -170.56908 1.69898
201.0539 -163.18595 1.60208
211.42982 -162.39701 1.68706
196.75247 -161.73821 1.60789
214.65568 -172.57326 1.57141
209.91547 -166.85976 1.55089
201.30176 -166.16423 1.68749
203.0798 -169.68594 1.57276
56.44129 140.46703 1.57079
57.30538 127.4182 1.6211
61.57444 136.83648 1.50492
49.27283 146.87572 1.5603
66.76299 143.51636 1.63058
63.54922 147.66429 1.49917
53.08319 153.81235 1.5649
63.55651 150.43408 1.60946
64.41559 137.47439 1.61869
50.77975 145.03958 1.66969
67.70277 150.0804 1.58677
176.99469 -164.47705 1.57079
163.70948 -166.36383 1.59094
166.0827 -172.60381 1.63876
178.13364 -173.6819 1.61593
180.21014 -170.19955 1.53621
178.22299 -167.708 1.59767
177.65026 -164.83624 1.53944
175.10351 -164.38361 1.54572
182.58466 -172.35153 1.49018
165.44927 -161.53506 1.61962
179.38495 -152.90905 1.5098
