7.37882 -197.28299 0
6.96635 -192.05513 0.03769
6.2211 -199.96171 0.13019
6.61514 -197.27383 -0.03099
10.04639 -207.10975 0.01106
-1.69743 -198.23218 -0.03764
21.48212 -190.559 0.13738
9.94091 -194.69309 -0.08557
-6.47131 -195.41506 -0.05073
2.23533 -188.21601 -0.01746
0.30096 -189.5645 -0.01656
12.79202 -200.98802 0
15.3905 -197.72794 -0.00446
7.08988 -206.77078 -0.03167
11.64074 -195.10441 0.01729
28.52474 -197.59334 -0.07711
12.67899 -201.37941 0.09136
16.42714 -193.74087 0.03377
2.09103 -204.23974 0.05009
3.93393 -209.45151 0.04333
11.31198 -198.24092 -0.14551
29.36624 -197.7406 0.04141
