-296.26382 273.02068 4.71238
-314.12281 270.58465 4.76579
-294.97567 264.17141 4.70246
-294.1736 273.50076 4.72556
-289.82247 265.98743 4.54816
-300.22778 269.62707 4.72083
-298.49995 264.78759 4.76324
-284.56884 276.40736 4.79292
-320.0608 269.98964 4.66517
-304.08361 279.9656 4.5733
-292.94788 271.2163 4.65613
-49.27229 289.42965 4.71238
-58.8852 290.53835 4.6284
-39.98961 286.00978 4.63691
-62.41416 288.90116 4.76606
-52.05651 288.66595 4.76487
-49.47697 288.79773 4.64598
-53.90051 298.00296 4.69603
-33.96654 283.81502 4.75241
-55.09885 282.34931 4.59834
-46.80091 283.45953 4.61731
-53.03075 286.92096 4.72564
-308.87219 288.0705 4.71238
-301.60343 290.79721 4.71787
-315.07506 279.15999 4.78833
-305.39905 280.36596 4.76592
-311.88556 290.00375 4.78294
-311.97284 281.85063 4.58241
-311.52042 290.32944 4.66969
-298.86789 289.04791 4.70537
-303.77288 276.36072 4.67937
-302.14778 288.67468 4.74956
-306.46045 292.19911 4.61945
-300.58825 8.34759 4.71238
-303.05122 16.94852 4.68523
-304.95536 18.67656 4.79158
-310.49085 2.15896 4.69426
-304.875 20.52119 4.75598
-285.33204 13.60824 4.70249
-307.37491 6.39403 4.74687
-308.26859 4.4818 4.76077
-298.18086 7.31163 4.87999
-296.25739 15.41479 4.6035
-296.09367 6.66839 4.72756
-286.93263 -6.77729 4.71238
-288.67693 -0.40011 4.69453
-283.99283 -4.31939 4.69786
-291.72804 -10.0259 4.59581
-300.44476 -0.22476 4.55134
-283.0232 -23.83128 4.66273
-300.79668 -7.72911 4.6364
-287.90653 -4.23832 4.72437
-278.56098 -9.26806 4.69888
-288.808 -12.7408 4.55878
-292.49054 -0.80175 4.63729
-288.6125 -30.9852 4.71238
-290.36468 -40.51037 4.74234
-292.44987 -32.78231 4.69109
-285.63073 -27.29662 4.63793
-288.46844 -30.09633 4.62872
-280.02677 -34.79774 4.63837
-297.62543 -36.08714 4.66268
-299.59765 -28.27495 4.8291
-283.08405 -37.76628 4.7939
-291.20473 -23.51732 4.63383
-307.9596 -22.29272 4.62829
-60.24319 285.6418 4.71238
-56.58504 287.45096 4.62857
-64.54262 285.60226 4.67525
-69.31523 279.61158 4.72426
-46.47861 283.47571 4.74783
-71.45009 276.18001 4.75142
-60.20928 288.51835 4.60012
-55.98945 278.50465 4.77936
-63.74249 292.43525 4.71414
-64.5564 282.13464 4.80576
-61.03567 296.35508 4.6346
-305.48585 281.84259 4.71238
-302.09227 281.41095 4.66774
-292.869 283.45837 4.66124
-297.80001 286.83018 4.81519
-309.33931 290.63351 4.65856
-317.33844 280.05313 4.69696
-310.03466 280.18752 4.78044
-304.45658 278.96309 4.62133
-294.4494 286.87721 4.72276
-302.60666 276.1084 4.66668
-325.62844 281.78931 4.74697
128.3859 60.75199 3.14159
128.93593 63.64493 3.0828
124.40816 61.83524 3.16205
140.67063 55.06928 3.10291
127.74765 57.47229 3.17086
121.38115 66.84665 3.16571
126.11004 75.43929 3.14819
116.36609 53.17183 3.15773
140.07816 53.21778 3.21355
125.28507 63.38033 3.1435
124.40656 48.89846 3.21885
125.32929 358.89989 3.14159
129.03218 363.65486 3.18011
127.29709 354.63498 3.13301
133.67737 359.74648 3.19924
125.6467 362.84211 3.15012
129.10568 365.31574 3.04032
122.68742 364.99843 3.1654
125.9862 353.84562 3.08606
118.89201 353.95328 3.18553
136.66763 351.01207 3.08664
127.04869 347.41603 3.09938
-131.2264 357.33279 3.14159
-129.51193 352.57767 3.09968
-134.86041 360.45728 3.08284
-137.60734 349.19584 3.25231
-131.5004 374.97997 3.1597
-129.67649 361.37886 3.163
-149.97835 363.72938 3.28008
-123.62717 360.13259 3.05392
-128.33342 359.45767 3.14307
-135.98499 361.90499 3.11132
-137.83676 354.92049 3.21216
-171.12779 174.7862 4.71238
-173.37791 163.68232 4.63634
-170.82048 160.47314 4.70015
-175.35087 179.11716 4.61012
-174.52253 167.46248 4.73682
-172.8578 168.08015 4.78506
-174.30353 170.1394 4.55916
-161.27946 177.26502 4.64781
-163.09804 172.45111 4.71762
-171.91754 179.39163 4.73816
-175.48819 176.0097 4.71517
-65.47539 293.55796 4.71238
-69.3392 277.05031 4.69155
-67.23843 308.77239 4.68359
-65.14231 285.42224 4.68927
-62.7521 301.59776 4.65495
-67.6954 287.09475 4.70401
-63.62901 298.85017 4.73554
-63.73533 295.66641 4.69673
-58.75616 294.58718 4.58137
-66.15909 307.69231 4.76298
-60.77206 288.47493 4.71787
-285.33534 293.55795 4.71238
-285.69983 297.89828 4.74963
-289.11924 294.08437 4.72579
-288.03357 299.39378 4.69162
-289.43178 292.3687 4.73
-293.59306 296.92862 4.8642
-289.18796 303.41461 4.62497
-286.7118 294.46725 4.73299
-280.75749 297.81477 4.71223
-282.76636 292.76665 4.77819
-273.17722 291.42115 4.68381
-185.10637 128.05367 3.26105
-186.16313 148.57162 3.27536
-182.63211 136.68378 3.24704
-191.86805 129.46242 3.46987
-180.87993 141.37431 3.31843
-174.89558 130.58778 3.16992
-186.24476 123.70893 3.35291
-180.51972 125.4922 3.36567
-191.02972 126.49542 3.18307
-183.21057 137.10186 3.13551
-181.50182 131.24053 3.20561
-32.02519 192.1946 4.71238
-38.87556 196.74693 4.77203
-23.83705 188.22429 4.80489
-30.84983 186.29522 4.90108
-27.95845 196.94271 4.57844
-41.01986 189.16808 4.74455
-43.91621 183.85317 4.54562
-29.84802 194.15689 4.65908
-40.07351 198.13121 4.64263
-43.29577 192.48347 4.83611
-13.09195 178.88143 4.61013
-38.9773 -130.27619 4.71238
-29.77354 -135.49896 4.74521
-28.21985 -133.94728 4.77149
-44.83225 -129.03026 4.88204
-38.80735 -140.67476 4.67853
-41.23007 -128.38859 4.75599
-41.1361 -124.87636 4.7114
-42.83762 -123.55749 4.777
-36.42728 -121.46895 4.68686
-51.90399 -139.08191 4.76676
-30.2006 -140.42587 4.69562
-303.62199 -129.30009 4.71238
-298.84379 -123.18647 4.74884
-305.34724 -125.82973 4.80464
-302.16111 -127.18887 4.94398
-303.41952 -135.10444 4.73657
-292.24883 -134.48703 4.78493
-309.81591 -118.04902 4.52232
-310.34071 -131.53793 4.69885
-303.71104 -120.53272 4.73163
-312.4271 -123.14047 4.77714
-304.5147 -129.98252 4.65311
-298.59709 158.4991 4.71238
-298.07197 163.40509 4.76331
-308.93682 159.67549 4.69229
-299.28697 178.23934 4.71985
-296.61664 156.18539 4.82291
-311.44405 159.15445 4.78232
-299.1348 178.55276 4.55298
-295.7689 168.77818 4.67576
-294.57426 149.39259 4.64649
-312.42709 164.92538 4.74263
-303.2713 152.43199 4.63456
-219.52909 -72.03018 0
-216.21095 -68.36328 0.08027
-218.53892 -78.96642 0.09115
-218.13146 -71.54142 -0.02621
-210.18895 -67.69818 -0.04584
-212.00433 -72.61815 0.16008
-217.60791 -68.98999 0.00856
-226.5474 -76.89333 -0.18697
-229.88584 -86.30547 0.07542
-209.5528 -73.24012 0.00451
-204.86355 -71.98745 -0.0233
-312.29269 175.26727 4.71238
-309.51403 168.13526 4.72735
-316.45144 171.71244 4.67747
-306.24608 188.09695 4.69993
-316.78124 173.38298 4.6743
-316.99936 164.28003 4.72395
-318.90151 189.91756 4.64495
-325.98537 174.36018 4.78336
-307.66653 186.22728 4.67426
-294.79063 184.94856 4.75739
-321.79441 181.98719 4.62063
-44.46379 316.1454 4.71238
-50.14268 315.09149 4.59898
-41.80438 302.43874 4.73427
-47.8937 317.28651 4.72688
-30.49416 333.19359 4.77264
-45.85274 322.24019 4.77809
-38.51147 308.10555 4.69486
-51.60949 315.45377 4.67329
-40.04268 318.34673 4.71489
-41.35601 322.62257 4.71272
-46.3686 324.09305 4.62693
-306.3955 -3.13172 4.71238
-298.65807 -6.92175 4.74188
-306.81097 -0.94019 4.79637
-303.40918 2.28842 4.79275
-306.83191 0.45366 4.72661
-302.92611 -9.3054 4.55309
-301.16771 -0.8552 4.62499
-297.90304 -4.72233 4.62904
-305.23151 -16.28956 4.74205
-314.45616 0.09043 4.66422
-307.12448 -8.24104 4.78977
-305.79913 147.22049 4.71238
-302.36611 148.68821 4.68547
-291.88862 142.70841 4.59282
-296.67695 156.88934 4.75648
-302.44564 140.98421 4.72438
-292.17148 144.96335 4.80228
-301.87522 152.2477 4.8651
-308.38105 151.76315 4.63327
-313.17599 143.43291 4.70743
-308.90691 142.74756 4.74976
-310.42107 147.29886 4.74137
-48.61354 286.79599 4.71238
-49.92453 291.20947 4.63841
-36.26093 287.47438 4.79258
-54.17572 282.50848 4.7564
-53.03794 284.40413 4.86042
-45.42477 289.07751 4.72123
-47.05119 287.77288 4.87797
-55.41863 286.69526 4.76487
-56.57873 276.92629 4.6804
-45.58078 276.69331 4.41814
-56.75522 273.50089 4.81145
-146.12204 -148.10939 4.71238
-144.8366 -155.70771 4.73467
-153.8436 -150.04945 4.74225
-143.81902 -142.67085 4.88246
-138.97424 -139.14516 4.69585
-146.95634 -137.29128 4.67008
-143.79592 -133.08695 4.70394
-144.83524 -147.93039 4.73979
-147.73757 -152.18661 4.82405
-140.50434 -149.96613 4.61992
-132.1972 -142.30979 4.79066
-297.16974 153.98563 4.71238
-299.77964 153.01575 4.68736
-296.42034 148.09252 4.72995
-293.27542 145.13859 4.63899
-297.86126 147.1272 4.65492
-298.15598 158.21941 4.69474
-300.22805 154.63756 4.6649
-303.7399 162.50484 4.77753
-293.58761 146.61798 4.81841
-292.46721 161.2998 4.67651
-304.2779 158.59908 4.81563
-301.07949 140.0557 4.71238
-302.47495 135.49218 4.79178
-297.06436 142.99331 4.59083
-293.5083 144.95302 4.84074
-306.24479 143.60199 4.6334
-307.19864 127.76146 4.83028
-294.31796 140.18102 4.73575
-294.14589 135.34819 4.71906
-301.44584 146.74711 4.57891
-307.84093 146.11764 4.68047
-291.78911 149.29811 4.71974
-41.2621 -135.04489 4.71238
-38.98611 -129.46984 4.70118
-33.89556 -133.49572 4.65475
-41.059 -138.02939 4.72378
-37.7261 -134.01034 4.66126
-49.64822 -136.41379 4.74938
-48.97543 -143.82162 4.58044
-33.49156 -133.08853 4.77633
-38.85707 -124.78235 4.59758
-50.20601 -133.34665 4.73393
-50.8464 -126.51448 4.67552
-176.6161 31.53454 4.71238
-175.49861 36.54459 4.80281
-165.83444 30.99393 4.7923
-183.96663 44.00393 4.61321
-188.86573 28.9967 4.80638
-173.96553 28.68897 4.7853
-165.19804 34.48114 4.73763
-161.85977 32.37503 4.59705
-169.35751 37.18192 4.73636
-175.62293 25.0679 4.79029
-183.45559 29.23985 4.67924
