16.30386 412.92879 3.66519
6.8676 414.80096 3.60852
17.22596 405.69256 3.57469
17.04526 406.51118 3.70479
17.12903 419.14497 3.56367
4.31446 411.70307 3.48434
11.14551 415.13742 3.68885
15.71997 417.2334 3.62217
13.9877 415.31826 3.65253
23.51484 420.09233 3.78982
23.55154 415.99852 3.75589
187.74837 295.1193 2.61799
188.59276 299.65416 2.6102
187.92948 295.69237 2.52775
180.86223 294.25321 2.71772
193.1166 292.01088 2.61469
202.17598 297.23462 2.61183
185.34504 304.51531 2.43373
188.81333 307.07848 2.34663
190.75665 299.91497 2.63514
192.83296 285.70194 2.55716
185.89318 293.08604 2.52484
16.30378 412.92874 3.66519
27.22552 405.96717 3.7302
25.34161 416.73449 3.55026
17.34459 414.72018 3.57742
14.31652 410.36159 3.69296
38.33138 415.64572 3.56448
10.42793 402.70443 3.63475
18.57765 411.74849 3.67076
12.82794 405.86905 3.49238
26.5924 412.59853 3.57506
17.0397 408.27466 3.69056
187.74828 295.11935 2.61799
197.07285 290.4397 2.632
182.81029 286.14282 2.53312
178.06801 298.46191 2.51343
183.08207 295.71493 2.52643
183.58158 299.52187 2.63325
195.38719 286.15238 2.66047
196.23427 292.61406 2.60959
186.40832 279.89358 2.55995
193.47689 287.25652 2.61851
193.94886 294.30238 2.61143
245.65799 10.69338 1.57079
261.00315 8.37303 1.61625
236.35375 12.55715 1.5203
245.493 12.44033 1.65295
250.05801 8.07758 1.59794
256.02202 6.80999 1.69337
237.68586 15.61041 1.6962
244.48829 17.40504 1.61366
243.57785 8.0276 1.63229
243.4792 5.00053 1.59555
245.26819 22.58211 1.63099
147.55432 10.69338 1.57079
153.3401 -8.46148 1.61888
144.07996 14.37077 1.71779
154.77039 3.10276 1.60438
146.87284 2.20543 1.63872
156.33736 10.58119 1.53212
142.71829 20.38604 1.66313
144.21331 22.49034 1.6893
148.50004 5.10546 1.61542
139.68226 13.99505 1.5803
152.47683 1.79186 1.57629
-206.04924 -42.24029 -0.26179
-202.77248 -36.51189 -0.17054
-214.93414 -46.52375 -0.25635
-201.14404 -50.89808 -0.22019
-210.64909 -45.28913 -0.20706
-202.51877 -48.08147 -0.38022
-209.28035 -49.04135 -0.28698
-219.0152 -53.79475 -0.2253
-203.7922 -42.17097 -0.28908
-198.61321 -33.57394 -0.23705
-206.938 -49.80523 -0.30534
16.35939 -110.34728 0.52359
26.80064 -108.24362 0.46481
20.02939 -115.36253 0.39507
26.95378 -112.68199 0.51996
6.33311 -94.13763 0.46432
20.03453 -108.9135 0.45729
12.30704 -118.67061 0.62046
13.96379 -128.63492 0.5341
18.45478 -111.21211 0.51681
7.69583 -117.59674 0.59423
13.72507 -109.87216 0.45544
