-141.3586 -39.21675 0
-149.52549 -22.91957 -0.00718
-142.12557 -43.55487 0.02116
-144.33772 -35.54254 0.1171
-138.13899 -37.43669 0.00096
-142.53087 -41.88529 -0.14086
-145.49615 -42.65005 0.03367
-141.1995 -41.10218 -0.07493
-149.59024 -32.22877 -0.09999
-124.427 -51.53311 -0.09209
-134.4238 -33.68142 -0.0592
-2.70488 363.2173 3.14159
-11.03113 372.66882 3.04915
8.29245 368.53225 3.21086
9.52791 365.5809 3.195
-5.63477 367.24456 3.07395
-15.2525 349.14791 3.18168
10.06063 358.45613 3.04917
-0.61797 363.40945 3.03484
-2.87435 368.23594 3.12113
-4.73217 361.75509 3.19333
-4.46333 359.7807 3.17684
5.79082 313.21669 3.14159
-3.08059 311.86941 3.13414
19.86436 306.5399 3.19217
-3.78326 299.4295 3.19436
2.50811 321.29833 3.19921
1.56889 302.84064 3.09098
3.60712 320.19081 3.16968
-9.28341 304.78679 3.18226
7.63327 313.24453 3.1232
0.01412 309.89709 3.17531
5.79661 313.11297 3.25777
