189.89352 -0.23339 1.57079
186.8718 8.11119 1.54371
193.04971 7.82396 1.51863
177.16111 0.09134 1.57763
190.68276 -6.87801 1.59021
198.99002 10.56592 1.56606
190.18092 -2.23579 1.55013
198.0335 -4.89235 1.47245
188.05543 1.40419 1.56859
193.55577 14.38014 1.61558
185.78492 3.94381 1.54927
185.1701 4.1906 1.57079
183.3737 3.74634 1.62595
173.34036 13.50082 1.45497
189.89687 1.61011 1.50583
189.80461 -7.0609 1.65318
180.96372 16.25258 1.57079
173.59911 4.78883 1.48453
170.38167 2.85369 1.48254
196.10154 8.19299 1.57471
185.6976 15.58502 1.53637
189.08988 7.3031 1.62181
174.61436 17.76629 1.57079
175.20818 16.31005 1.61973
177.54938 7.21201 1.63923
183.0287 15.41315 1.51786
168.17915 7.63334 1.55417
163.9217 21.68062 1.6312
174.82439 24.16813 1.5048
181.96965 16.18427 1.67915
181.18306 20.41572 1.58423
181.03049 7.60386 1.54293
172.85843 16.29628 1.49082
190.58332 0.48565 1.57079
191.69245 3.29329 1.53635
199.48699 -5.15294 1.49169
196.00604 14.17289 1.52099
193.11119 -4.55199 1.60014
198.08058 -9.54428 1.64315
189.87109 -1.98124 1.55733
191.94368 13.52208 1.46415
191.00776 -11.32554 1.59532
184.89357 -1.85101 1.55919
188.86841 -0.08239 1.59163
