180.04909 119.49389 1.57079
176.15878 131.85261 1.62465
185.34212 119.92137 1.47021
173.06201 127.56064 1.67471
188.1874 138.52824 1.55227
189.19922 125.31194 1.51227
188.66651 106.66834 1.71704
166.67988 112.21557 1.59265
179.42192 115.42158 1.38249
177.65306 127.41332 1.59452
172.63029 120.42012 1.55755
11.753 -187.8034 0
6.91912 -184.21571 -0.06225
8.77598 -191.54837 -0.05566
3.26522 -194.42318 -0.06268
9.53447 -188.08387 0.04386
10.96343 -192.52676 -0.10275
5.39014 -182.51023 -0.10851
21.36036 -185.82912 -0.09692
-0.16462 -188.22778 -0.02309
10.78385 -182.80791 -0.06069
2.68957 -193.83323 0.03516
164.76559 143.19159 1.57079
163.42632 155.15422 1.59738
157.1974 134.53402 1.596
170.80916 149.77948 1.74972
170.44149 154.56058 1.66352
161.6373 156.88024 1.4869
161.96685 129.67373 1.62454
158.99296 141.70723 1.49068
164.65985 153.04541 1.6146
168.98267 149.64514 1.51853
166.60104 145.46048 1.71455
192.0353 139.01252 1.57079
192.50687 139.70878 1.55629
196.5042 141.73229 1.57305
185.52094 132.67472 1.56795
190.45846 139.02855 1.47876
198.43382 139.73969 1.48999
183.65323 144.15129 1.56999
194.38458 133.36694 1.58503
196.04998 141.37796 1.66038
183.98296 120.35695 1.69134
196.94863 152.21204 1.58954
