-138.41507 -182.13279 0
-137.74192 -187.57241 -0.00635
-144.40342 -181.79878 0.01565
-148.53385 -194.99669 -0.08133
-138.54674 -182.03401 0.07549
-132.24759 -179.31988 -0.09689
-135.63549 -179.25025 -0.01218
-129.45275 -183.32542 0.06413
-138.45063 -183.92736 -0.01717
-151.2849 -170.0712 0.02772
-134.86461 -186.77441 -0.04514
-154.21798 171.32674 3.14159
-154.98018 172.76066 2.93139
-147.82251 167.56541 3.01177
-145.52096 175.28446 3.23333
-171.98137 177.97982 3.18192
-153.12928 182.37339 3.15898
-166.61929 172.52102 3.05939
-153.86811 171.46813 3.17921
-160.86137 172.83299 3.18261
-160.15764 163.37794 2.97003
-149.37867 167.13065 3.12392
-213.6297 -0.87268 4.71238
-220.24315 -8.40852 4.75576
-201.80127 0.34783 4.673
-212.67059 -0.62966 4.75916
-208.15659 -5.11931 4.68598
-229.52811 9.0385 4.79918
-215.12485 -3.40819 4.6956
-217.59104 -12.50458 4.87082
-218.91741 -0.80915 4.87131
-198.52249 -1.53275 4.60241
-208.96885 5.60203 4.75621
-153.0495 -169.47759 0
-157.50984 -175.38886 -0.00967
-147.71363 -176.51119 0.04117
-139.3698 -160.1256 -0.00157
-138.89693 -164.85244 0.04666
-146.388 -164.83381 0.09797
-149.08951 -166.03908 -0.044
-148.69655 -180.19285 0.01399
-155.24511 -176.35121 0.02356
-158.25645 -171.81163 -0.06741
-150.47243 -149.58768 0.01475
163.69751 176.8866 3.14159
150.51557 177.47236 3.18552
153.49464 186.79098 3.0533
141.29696 181.82823 3.10777
173.2592 172.08211 3.0791
154.12197 162.40017 3.02635
167.76854 183.81949 3.04819
156.99552 176.02043 3.19893
162.62295 174.0991 3.23546
169.22706 162.44617 3.14825
157.46663 180.43333 3.12585
201.9063 7.38048 1.57079
201.58054 6.32159 1.68136
206.34306 3.11966 1.63257
205.36506 12.07333 1.53318
201.48546 8.13715 1.65706
202.32683 -3.93808 1.678
199.95247 6.68237 1.50764
208.74289 5.68656 1.59814
194.48462 4.1545 1.60903
196.92305 -1.95371 1.5488
216.04248 2.39961 1.52974
1.14621 157.88299 3.14159
-5.83776 161.04166 3.15282
3.40519 140.63222 3.1606
7.00175 157.82649 3.22619
6.65711 153.44878 3.00487
-6.41643 157.77113 3.13316
3.52061 158.46038 3.21298
-2.23033 154.45692 3.13937
-0.16281 155.41099 3.09757
0.35974 153.16612 3.03708
-12.40278 168.51059 3.21761
182.78281 177.53668 3.14159
182.09954 185.15222 3.18934
184.13459 164.6719 3.13093
183.62844 182.50668 3.12437
192.74367 183.08201 3.03949
178.48063 168.30967 3.24834
184.74203 162.81823 3.16546
170.44255 182.95386 3.2811
173.5036 174.03555 3.21593
191.15729 181.14666 3.02527
178.81592 193.93031 3.1534
-213.6299 -0.87258 4.71238
-215.19126 -16.34228 4.80663
-226.11389 -2.36644 4.76359
-205.18909 -6.12688 4.73218
-208.48341 6.99203 4.67144
-204.91509 1.86952 4.6666
-222.73792 -0.66589 4.6426
-202.49021 0.25855 4.70022
-204.96064 3.9285 4.52216
-219.01873 7.66296 4.68014
-213.00299 3.67161 4.67383
-216.31402 130.57591 4.71238
-228.11999 124.02388 4.76172
-215.10861 125.64144 4.64564
-208.69352 133.17406 4.70158
-229.49502 136.51498 4.74779
-211.5255 130.3683 4.75032
-212.63004 121.3425 4.77265
-216.59756 131.61316 4.74113
-217.22388 134.2408 4.7651
-219.11121 128.96512 4.57203
-215.83502 133.55501 4.72445
161.38709 176.86178 3.14159
168.03329 177.08162 3.05961
171.94869 183.75759 3.17317
157.67812 174.71707 3.02366
163.63682 175.20713 3.15605
158.70168 174.138 3.11019
159.66796 193.5798 3.02346
160.53531 176.93438 3.08309
169.4285 174.12813 3.14632
161.90906 178.546 3.13611
169.77151 169.54654 3.10216
187.32222 170.36418 3.14159
197.06021 171.5598 3.16655
177.96124 154.04844 3.11278
192.467 176.29024 3.17735
190.03054 168.57645 3.09116
195.04552 168.12065 3.10277
198.58191 178.02104 3.13281
193.03185 172.04308 3.18054
191.52844 176.95595 3.22511
183.53075 175.80326 3.25471
194.91129 170.36219 3.27339
