-175.81977 61.81044 4.71238
-171.57833 61.92028 4.79829
-177.6831 61.59407 4.6023
-186.165 54.28781 4.63463
-177.47452 64.98856 4.72148
-172.50569 51.99025 4.79892
-175.88127 64.94078 4.74325
-173.53127 57.19931 4.63088
-172.57169 65.46403 4.70287
-181.01315 68.595 4.66149
-186.34573 62.40508 4.70221
-175.81983 345.25739 4.71238
-177.59976 344.01478 4.58205
-178.14457 332.56097 4.68999
-178.51048 341.49 4.72039
-177.89901 342.19917 4.67217
-179.28022 352.04125 4.56185
-175.12468 358.10162 4.57013
-178.77839 334.85438 4.67782
-173.57553 341.6576 4.84432
-183.49187 349.58054 4.83054
-171.68622 348.25238 4.75513
-175.81984 345.25768 4.71238
-167.83306 333.01871 4.77076
-176.92279 335.76919 4.85085
-175.85757 351.94401 4.73473
-183.4806 347.77463 4.57637
-174.16916 338.70015 4.70733
-171.67825 334.73126 4.67894
-173.48226 347.26172 4.74702
-163.63228 346.96174 4.68737
-188.5798 346.38037 4.7497
-191.84919 344.55297 4.7518
-175.81973 214.99228 4.71238
-175.03634 207.83594 4.50893
-182.27864 236.24243 4.7191
-176.3735 220.6048 4.71306
-169.66051 217.80897 4.67896
-159.25604 211.08711 4.69407
-175.7938 207.62677 4.62054
-179.84914 213.23241 4.83327
-172.53024 214.87541 4.66617
-160.35545 208.57958 4.65682
-170.85536 214.42946 4.68468
