-177.80289 187.3803 4.71238
-184.03968 184.70902 4.79578
-174.62069 183.74219 4.74683
-176.37923 185.36794 4.69529
-188.37529 193.67596 4.68338
-167.95151 202.68689 4.68533
-176.12251 189.98082 4.69929
-183.74381 187.77386 4.74687
-176.62517 194.81046 4.70434
-188.05252 186.58426 4.66357
-162.40675 180.5981 4.6358
-180.42379 186.7684 4.71238
-181.22343 179.47148 4.73774
-173.74464 192.17513 4.63347
-181.3034 189.857 4.75637
-166.82081 189.13102 4.74568
-190.16169 186.31996 4.62706
-176.36848 181.13829 4.75851
-199.01759 189.09481 4.65717
-175.62429 181.59922 4.75333
-173.47584 182.54492 4.70785
-190.46331 185.41222 4.7419
174.1621 310.77189 1.57079
182.68709 300.81251 1.59966
179.60025 309.31828 1.43981
166.91536 306.24342 1.56785
190.94673 319.06779 1.55005
174.92679 306.96296 1.46961
172.99105 324.13755 1.67572
177.07217 309.69728 1.63524
172.47145 310.30464 1.63128
174.36822 319.52054 1.5612
173.22603 311.89919 1.67774
11.30151 389.89415 3.14159
11.94219 398.02433 3.09636
11.54475 386.1485 3.11792
14.27754 380.47325 3.11614
2.40194 402.52821 3.09505
2.62204 393.30331 3.09457
22.47892 383.82956 3.1299
11.93373 370.65794 3.19669
21.4137 384.59793 3.18848
4.729 376.7098 3.09904
2.64523 386.60834 2.98453
