-205.81443 121.93781 4.71238
-204.10331 117.57 4.56475
-197.1786 121.30847 4.64208
-199.67674 118.63464 4.78518
-204.67065 128.36319 4.68886
-212.60873 125.78836 4.6061
-203.99071 134.9571 4.7286
-207.30011 118.05725 4.79659
-199.71742 118.79124 4.66905
-191.31384 125.6287 4.76398
-211.35637 116.85814 4.69514
-200.12249 129.39705 4.71238
-198.15435 115.54757 4.69541
-209.70705 127.5473 4.75063
-209.85777 125.46323 4.6071
-215.9868 143.17323 4.76411
-196.14274 133.67439 4.7677
-197.12545 124.65937 4.76459
-200.29299 131.84192 4.752
-210.27119 129.50701 4.81084
-215.71437 122.78446 4.75449
-209.89001 135.40718 4.72802
0.80957 -62.15349 0
1.71727 -61.00127 -0.09018
4.83436 -56.91947 0.07372
5.56594 -64.43731 -0.09427
-0.75978 -54.91712 0.08546
-1.19666 -69.1755 -0.05196
7.44237 -64.19462 -0.05223
7.52765 -54.82342 0.00428
-2.12431 -66.60561 -0.01992
5.04431 -67.30655 0.00391
-7.17977 -60.9564 -0.04534
178.79657 119.92443 1.57079
186.55188 111.16174 1.53687
189.76963 128.78945 1.45568
194.19244 123.26651 1.58429
179.40377 127.13901 1.65916
187.61112 127.99532 1.72013
173.72466 136.73925 1.4689
175.11149 127.9845 1.50925
180.76997 112.29927 1.50562
183.29097 113.16884 1.51411
175.08523 120.96262 1.57455
-201.96277 129.39707 4.71238
-194.82294 135.51011 4.72137
-203.58118 123.38264 4.47838
-211.25924 131.04438 4.57582
-205.10947 115.38024 4.70967
-206.23286 135.66028 4.70818
-195.73132 136.8612 4.75321
-199.11543 130.72399 4.66392
-215.9616 124.59824 4.68398
-201.22244 127.12443 4.63373
-197.35237 136.65458 4.68671
