142.7435 353.61079 3.14159
141.93705 351.55824 3.22003
140.18757 340.9414 3.10133
146.55617 354.56412 3.22254
139.26156 355.03979 3.23941
139.34061 357.06204 3.09298
141.80085 375.83095 3.03809
145.55192 345.05612 3.14635
134.65836 345.93616 3.22765
157.87356 367.10483 3.13313
136.55959 351.76582 3.13296
-273.84939 353.6111 3.14159
-265.59783 355.9748 3.18049
-264.77076 354.30359 2.94962
-265.27024 357.97956 3.18424
-281.36625 347.52514 3.31481
-288.79375 356.70967 3.17378
-276.59569 362.78338 3.16717
-267.18587 356.58915 3.15807
-288.52102 355.70128 3.07466
-262.07965 339.01766 3.18131
-273.13423 352.08125 3.18657
142.1316 353.61109 3.14159
148.69175 356.08202 3.21029
144.30914 360.99278 3.06277
145.97087 357.04229 3.11763
149.92904 346.42117 3.17694
144.72199 364.20064 3.20251
147.11098 356.27039 3.11026
141.24564 357.22231 3.10815
149.09646 373.812 3.27308
143.85926 342.89483 3.04613
151.5815 362.01771 3.06218
-177.51169 77.9449 4.71238
-169.05801 65.24335 4.75132
-189.87752 72.13558 4.57355
-178.56362 69.84931 4.80311
-183.21108 81.45593 4.72631
-191.6013 66.2764 4.75579
-181.52982 86.42464 4.70435
-175.28661 69.29887 4.66159
-177.75505 75.21692 4.70477
-173.29182 88.36232 4.74103
-185.2401 89.73343 4.74873
202.0487 175.96199 1.57079
198.09685 178.49409 1.54676
199.56493 170.88075 1.44519
205.2174 175.55078 1.62435
185.98427 185.43645 1.57077
200.4787 174.95129 1.52491
201.24461 178.3927 1.58143
203.31477 189.52636 1.56111
209.26244 178.73436 1.59666
201.88533 178.21489 1.55792
198.96474 187.07332 1.55714
19.5914 353.61079 3.14159
16.75928 353.74877 3.10776
24.11475 355.96205 3.09795
20.95136 356.59065 3.06674
16.0699 346.04889 3.15163
17.77777 349.73146 3.18345
10.33778 345.51055 3.21891
12.25827 351.33635 3.16432
10.44372 349.54795 3.19188
23.36929 351.45958 3.19034
19.89499 358.42864 3.17464
202.0485 175.96209 1.57079
196.93207 170.89646 1.68823
201.1422 181.63105 1.50946
198.10115 182.10374 1.57672
210.97981 180.08686 1.64667
208.50961 183.81985 1.5609
191.97419 193.5937 1.43907
197.24458 183.71144 1.69684
204.79548 179.47274 1.58708
199.40921 184.55846 1.60643
188.30373 171.48416 1.64784
19.59128 353.61109 3.14159
16.12964 348.94288 3.00575
12.82525 359.13193 3.09839
12.02271 363.16288 3.26318
21.08106 344.94165 3.25153
23.03034 356.70596 3.12535
31.45232 352.9412 3.12222
27.4355 354.2491 3.03314
26.35373 351.63887 3.16916
11.18073 358.17968 3.08398
17.98589 355.22485 3.19307
345.25737 175.96159 1.57079
367.56792 177.78476 1.61067
343.12747 160.11871 1.63532
346.6996 180.68836 1.71525
353.04012 174.30599 1.5172
342.72173 184.60846 1.64407
339.68352 179.93941 1.48034
331.99618 180.14185 1.52294
356.07893 166.30509 1.63542
348.28285 178.47449 1.7208
350.85947 170.72637 1.63439
-140.66712 353.611 3.14159
-144.95164 340.27427 3.06914
-144.57777 336.45489 3.0637
-143.12553 359.62638 3.23201
-146.52899 350.66953 3.13707
-147.30209 353.90312 3.03524
-147.95632 351.47339 3.07596
-138.55417 363.78074 3.0636
-143.63119 351.10565 3.15758
-141.69523 348.38584 3.01168
-147.26057 350.27007 3.1091
