61.81044 175.81976 1.57079
63.10677 176.0397 1.63018
61.49077 173.2359 1.58533
54.33343 177.1482 1.54232
72.88919 173.4002 1.56263
69.02 183.72883 1.76281
52.70454 180.31243 1.68535
67.03916 166.26985 1.59137
71.6365 176.72885 1.53347
69.84843 173.07585 1.54022
74.31236 184.69253 1.59452
345.2574 175.81982 1.57079
339.33257 171.09652 1.5861
354.66336 190.3441 1.70938
336.0478 171.10226 1.63836
350.27402 177.54564 1.69496
340.15464 181.55913 1.55838
350.97234 178.02832 1.61661
358.63745 173.26787 1.53479
328.56119 177.93067 1.64328
356.21034 178.74987 1.50317
348.92513 192.93948 1.51879
345.25768 175.81983 1.57079
348.20879 173.91511 1.41345
350.2006 175.5611 1.64072
352.33126 173.34415 1.56114
343.31826 170.55458 1.67518
332.74872 164.66748 1.69078
346.6953 187.00339 1.61131
347.20342 181.29254 1.67881
342.85879 180.31434 1.47723
341.85741 165.17533 1.664
343.41321 191.5407 1.7008
214.99228 175.81973 1.57079
210.42047 168.37938 1.72128
219.8901 185.81291 1.58185
210.13921 169.98679 1.50768
213.99507 182.47078 1.59628
228.6066 177.23002 1.58374
208.81717 163.50857 1.52972
214.39532 176.4385 1.56673
209.14921 184.83472 1.55803
215.60108 183.2041 1.37625
207.35287 176.56597 1.59685
