-194.45889 248.9511 4.71238
-203.89318 241.40076 4.60978
-184.24644 248.682 4.54031
-185.66473 245.16523 4.56962
-187.14531 246.47134 4.79462
-180.24846 241.96388 4.73402
-185.14296 238.95887 4.69681
-180.30612 247.00689 4.70898
-192.57076 241.86302 4.79252
-195.26355 258.50285 4.68602
-197.17632 238.09757 4.67995
196.5782 9.04888 1.57079
199.09399 9.7437 1.5913
209.34558 -2.80423 1.64539
189.79692 12.83481 1.69142
192.50865 12.33178 1.54641
201.34525 35.5243 1.66487
200.71937 3.55611 1.56844
204.42061 0.94149 1.66879
194.34136 0.08584 1.63485
185.43823 13.62517 1.44344
193.52877 4.71078 1.58656
197.3503 9.04888 1.57079
201.21761 6.74687 1.53949
178.77685 11.1858 1.60235
192.403 15.21802 1.59668
199.7282 9.03551 1.67562
198.92114 14.36409 1.47102
196.61224 12.24499 1.4502
192.43755 0.50289 1.60768
211.07207 17.06395 1.53923
197.20215 8.91163 1.59668
198.08944 5.81088 1.55095
-194.45889 248.951 4.71238
-200.09364 262.71775 4.67715
-196.22157 241.66437 4.7255
-192.19473 255.16509 4.72115
-191.66197 236.9802 4.69723
-202.24798 254.13472 4.7038
-193.53384 255.32052 4.64039
-199.86819 253.13531 4.64065
-195.71783 258.161 4.73002
-186.8687 247.80731 4.66865
-194.61608 230.38912 4.65087
196.5781 9.04898 1.57079
194.34477 10.06565 1.62717
190.94834 6.20262 1.50544
193.61429 7.15102 1.70335
188.82232 0.69542 1.67713
190.13121 3.03573 1.5742
201.97402 5.24627 1.57945
190.83415 14.04823 1.62525
200.63188 -5.61617 1.61928
200.81532 8.35395 1.6713
202.91803 1.80911 1.66784
-190.71045 248.9511 4.71238
-178.73741 245.47288 4.69705
-195.8986 240.89053 4.6176
-179.60063 252.65059 4.68643
-196.55951 242.74117 4.79313
-193.34889 250.94003 4.70728
-196.54713 249.03541 4.76563
-188.76711 252.8528 4.69727
-193.29303 246.25178 4.60036
-189.13844 242.55871 4.69972
-193.01142 239.84475 4.78495
255.6784 2.95538 1.57079
246.33182 -5.72662 1.38182
260.85057 2.98459 1.58126
257.79005 9.32172 1.49089
251.5075 2.46282 1.48133
243.83842 -7.03606 1.3707
264.91466 3.74114 1.50034
250.8359 1.55661 1.6699
262.31188 -3.2091 1.60099
260.87624 -0.64884 1.65611
254.90581 7.41866 1.65635
