142.74352 353.61078 3.14159
144.30654 353.53559 3.15841
144.24505 352.80183 3.25362
137.57474 359.30624 3.0923
146.97007 356.7321 3.12736
139.48157 354.59281 3.0239
145.67229 366.66118 3.14362
134.02157 363.74516 3.1901
139.37222 362.88237 3.13618
157.29893 351.11835 3.15155
144.74226 355.42147 3.09785
-273.84937 353.61112 3.14159
-276.83313 358.11279 3.17639
-259.60916 355.7722 3.22882
-274.28039 349.79145 3.19836
-273.51915 353.24559 3.18171
-278.30799 347.609 3.29904
-268.89158 352.3003 3.16009
-279.74286 353.7382 3.05238
-270.06866 351.07833 3.19782
-281.32593 356.73174 3.12882
-273.28787 348.74321 3.15768
142.13162 353.61108 3.14159
129.43718 356.52457 3.03647
141.77568 358.98275 3.1098
138.82871 363.06219 3.081
125.58403 341.26199 3.13161
147.34179 359.26285 3.0927
153.15929 352.21571 3.24869
135.97333 352.42986 3.14465
124.2976 360.06127 3.06318
140.33961 364.43941 3.23332
141.27126 346.32187 3.18352
77.94491 177.51169 1.57079
85.40968 176.53606 1.55039
86.32645 179.82667 1.57471
92.64743 166.60022 1.53149
76.79297 183.22293 1.5549
76.37832 177.31098 1.60823
70.86172 181.56017 1.57708
81.45154 187.13659 1.60262
71.25255 188.29519 1.45709
71.62705 166.77578 1.43558
72.36263 182.1615 1.5914
-175.962 202.04869 4.71238
-180.71467 200.34786 4.78219
-173.55457 201.63147 4.66422
-167.06108 204.68725 4.72913
-170.49176 202.49002 4.7549
-180.7819 201.3767 4.8511
-173.46884 191.77554 4.77046
-167.01704 206.49609 4.57025
-191.34609 209.49271 4.5724
-185.73549 200.81815 4.78605
-171.69932 203.65771 4.78231
19.59142 353.61079 3.14159
28.82644 353.8958 3.09483
18.99695 366.10031 3.09104
24.3141 365.79916 3.05872
11.49296 364.43306 3.16834
14.86836 350.0082 3.185
18.97365 350.17073 3.198
23.25145 347.57314 3.18489
23.77583 349.83795 3.2714
21.08594 347.9626 3.08988
25.19287 357.34068 3.10814
-175.9621 202.0485 4.71238
-171.39068 192.76785 4.66541
-169.39895 199.41779 4.7509
-169.35891 202.27534 4.7676
-180.97227 196.88559 4.8276
-183.72889 203.04046 4.66004
-183.93876 200.47744 4.66637
-193.45185 201.07114 4.57239
-162.31076 202.97062 4.7005
-176.05486 196.18305 4.8479
-167.66843 199.54371 4.77522
19.5913 353.61109 3.14159
21.56306 351.4931 3.0863
22.74816 349.26508 3.09556
11.80647 351.08197 3.13564
28.49676 354.77867 3.20643
23.77234 353.78711 3.00655
17.18741 360.72255 3.14899
21.48264 354.71205 3.17006
13.15761 360.41391 3.08253
26.25298 364.86937 3.08312
24.31763 346.61042 3.31878
-175.9616 345.25737 4.71238
-179.51203 359.53224 4.62639
-175.77572 348.8635 4.7015
-170.53565 336.15346 4.70687
-181.40177 337.93926 4.72908
-177.46667 353.95022 4.69055
-171.67762 349.36601 4.60651
-177.20393 341.62387 4.70817
-173.66189 346.55275 4.76243
-180.48684 342.66159 4.68425
-172.34884 345.28189 4.72169
-140.6671 353.61101 3.14159
-136.31578 345.47761 3.1587
-136.70125 352.16292 3.16547
-147.29279 357.35338 3.17877
-131.60047 357.96908 3.20705
-127.86564 361.22697 3.11824
-138.93434 343.98173 3.10313
-144.42406 338.30098 3.06725
-140.47267 346.46426 3.19703
-147.77411 356.82503 3.14324
-135.16822 362.15077 3.10735
