1.37074 -46.72592 0
-7.5301 -56.31347 0.06912
-3.83691 -42.21496 0.12683
1.15709 -51.32373 0.02725
4.33682 -56.01284 0.07456
-8.07677 -42.91763 0.0393
0.11969 -45.03332 -0.07739
-6.44807 -53.61102 -0.00735
8.80397 -35.99303 0.01275
-16.21965 -60.55272 -0.12764
9.21785 -50.72186 -0.04244
-5.76967 363.32772 2.87979
-0.96371 362.40809 2.81994
-0.04995 358.02141 2.8393
-4.35909 357.5118 2.92857
-8.93564 358.42559 2.94445
-3.6067 361.25513 2.80776
-7.86971 359.00315 2.89848
2.85243 360.37419 2.95804
-9.30229 367.36008 2.80437
5.88917 363.30988 2.93591
-9.32843 370.11162 2.87918
-47.70048 345.47539 3.40339
-59.75081 347.47307 3.46358
-42.70523 350.04891 3.40724
-39.68043 358.50791 3.48378
-49.41383 349.80689 3.36389
-61.19575 340.12621 3.21267
-43.23179 343.43428 3.3778
-53.39026 353.22367 3.42889
-47.5965 353.54087 3.50537
-38.29177 349.53968 3.40767
-42.74795 347.71474 3.25498
