144.97399 353.6111 3.14159
141.03897 351.60626 3.14486
138.01889 371.77177 2.98782
128.55433 356.09436 3.06634
144.93855 360.78197 3.18475
140.01654 357.43868 3.03978
144.95076 349.58041 3.07783
134.18541 358.18946 3.06419
145.22793 342.8037 3.1539
147.57396 346.40224 2.97716
145.74853 347.13425 3.16154
143.784 353.61088 3.14159
147.54654 346.68541 3.12453
147.6867 359.26242 3.10307
131.2265 350.23412 3.17644
152.52437 357.35793 3.22252
143.96491 360.61515 3.03914
135.20946 352.31169 3.11942
151.56004 356.97677 3.22289
156.67789 352.80435 3.08737
132.36783 350.80577 2.97318
146.60606 352.2646 3.21759
-139.66329 353.61103 3.14159
-135.55777 343.68223 3.26471
-144.39721 359.60525 3.0245
-145.33777 345.78244 3.10665
-141.33891 358.93774 3.17042
-148.59079 347.72571 3.09422
-138.01873 355.89175 3.22283
-132.97478 350.51569 3.04097
-139.36034 348.6527 3.23124
-136.45726 345.92171 3.0749
-132.70759 360.36338 3.21184
177.4384 200.29589 1.57079
183.19414 204.17398 1.47992
174.99141 188.95181 1.52142
179.89316 195.38412 1.54761
176.9867 195.24905 1.54942
172.17763 203.88371 1.59066
175.50488 191.12932 1.58895
174.69066 203.32485 1.53684
181.60461 195.12821 1.48097
170.69847 191.36662 1.6315
183.87456 209.3739 1.71169
143.7838 353.61089 3.14159
147.415 358.7277 3.16668
148.69656 357.69833 3.24505
136.03656 355.97648 3.15475
142.0074 360.82609 3.10793
141.34974 356.28124 3.09561
143.69386 358.08191 3.14396
148.61841 352.95174 3.15547
143.6636 346.82383 3.20814
147.8326 353.95917 3.14345
141.36234 351.49872 3.16224
143.7838 353.61109 3.14159
139.39325 356.07577 3.08881
146.67159 369.7737 3.13559
141.1096 358.61031 3.10198
144.90868 346.83406 3.26454
142.12203 348.81288 2.92602
132.88999 354.47756 3.08995
152.57307 344.74474 3.07912
144.28248 347.29963 3.26055
149.93378 365.36588 3.05455
153.31215 356.86271 3.22629
209.2162 177.38529 1.57079
213.40787 176.94125 1.66485
199.16372 173.10794 1.68182
201.39484 176.83833 1.4791
209.50591 178.39545 1.50516
208.11356 180.92197 1.70101
206.3139 189.46161 1.4318
204.10089 166.91613 1.54191
215.86793 189.57056 1.61443
201.68198 185.10028 1.52705
201.54982 171.27043 1.55982
143.784 353.61109 3.14159
137.65231 355.04018 3.14748
135.02227 350.46762 3.21483
134.51816 346.56644 3.22102
139.51903 354.08939 3.21921
152.84834 352.61044 3.31311
153.18243 346.84936 3.17293
149.28573 362.5544 3.07339
158.75782 355.35173 3.08546
140.90949 346.49433 2.96102
137.49014 362.37673 3.15108
177.4385 200.29589 1.57079
177.20347 206.27319 1.51589
180.64425 199.42953 1.55547
187.28507 190.99142 1.53271
183.88435 202.98134 1.52743
179.24358 205.46248 1.52949
171.41501 203.3094 1.66478
182.41576 190.28792 1.60138
174.42521 194.98833 1.62561
188.29547 204.38074 1.44473
180.75023 201.42659 1.52516
297.6547 200.29584 1.57079
297.83635 200.11414 1.67104
291.15152 190.72615 1.5956
301.59726 204.63346 1.59838
299.54949 202.96167 1.59408
307.31337 201.82957 1.55495
287.68814 201.41801 1.53351
298.41574 200.20008 1.4461
300.45762 198.10621 1.4797
290.10775 197.24939 1.55302
299.54282 204.93622 1.59372
143.78397 353.6109 3.14159
135.50334 356.27171 3.18543
139.74367 358.01725 3.16352
143.89447 363.44609 3.08873
139.1116 335.73841 3.18082
144.05989 355.74098 3.1176
134.66963 343.38932 3.15869
152.3389 351.65242 3.05069
151.36513 357.64947 3.01204
135.73652 364.1309 3.24313
150.13574 354.13846 3.17671
13.5186 353.61103 3.14159
17.68173 353.60472 3.20267
15.68731 358.62266 3.32685
13.90686 351.96806 3.29925
12.68675 353.68836 3.11292
15.57791 349.48054 3.02012
19.89936 345.36554 3.12135
18.69289 351.08615 3.15481
13.81491 355.05303 3.05173
15.06853 362.0124 3.14607
10.67635 342.00183 3.06337
196.0116 353.61079 3.14159
193.43669 349.5676 3.09253
192.43126 364.72844 3.10125
200.3576 364.58058 3.14743
193.79471 346.478 3.1245
193.30438 356.12546 3.1453
187.29736 344.58529 3.19215
203.90004 344.88523 3.08919
190.99498 355.35099 3.16725
195.43018 347.98824 3.14509
194.9496 343.1918 3.07342
