182.46463 139.5839 1.57079
179.40629 141.62588 1.47197
183.89373 129.70712 1.58428
172.68731 138.58567 1.64916
183.59661 141.27763 1.60527
185.24957 140.65325 1.52772
181.18236 149.36912 1.61646
181.07725 142.41325 1.61918
179.72281 152.49862 1.66669
186.84513 135.02403 1.66866
172.13924 141.47786 1.76665
-2.47426 -54.17995 0
-1.15043 -54.1668 0.01331
6.83898 -56.18071 -0.03259
-3.62803 -55.54736 -0.14298
1.37857 -50.71847 -0.11482
4.12241 -61.88709 -0.09572
1.11672 -54.87746 -0.0865
20.58316 -41.62694 0.05324
-10.8639 -47.36099 -0.05597
-1.84208 -56.65665 0.14594
-13.03815 -55.13543 -0.00999
-4.3407 -55.85345 0
0.26177 -51.41261 -0.04411
-1.58715 -52.26001 -0.03835
-10.41798 -64.73764 0.00519
-2.48865 -48.66052 -0.08435
-8.60865 -59.1554 -0.05174
-6.38251 -58.90584 0.0224
-15.65015 -48.44821 -0.07294
-1.71824 -46.17427 0.11327
-3.06447 -47.50019 0.04785
1.34241 -55.44076 0.03571
8.8569 306.39449 3.14159
24.172 311.38957 3.31842
17.79873 305.21765 3.2136
15.57648 313.70608 3.12603
-1.76809 302.78117 3.12463
0.03047 305.64266 3.09895
3.314 299.65812 3.13454
2.23254 301.57589 3.15554
13.20268 318.65092 3.27954
3.71737 313.38294 3.13695
-4.85924 311.67531 3.19447
-6.7376 -48.39449 0
-3.12115 -48.18103 -0.03804
-27.2342 -52.49389 -0.0259
6.36077 -57.40248 0.07293
1.73743 -59.04169 0.04997
-6.6975 -56.23824 -0.03129
-8.16225 -44.49118 -0.02196
-2.00938 -48.16442 -0.08339
1.74471 -54.25636 0.00571
-8.14313 -41.37315 0.08563
-18.79987 -39.1628 0.05969
-18.41409 306.39414 3.14159
-33.3315 300.43977 3.14403
-11.68989 316.56407 3.12501
-6.31417 308.4981 3.24066
-15.33891 315.36995 3.11665
-19.1316 308.86676 3.19416
-15.69588 304.34916 3.15593
-11.93349 300.14457 3.19681
-30.35408 294.13801 2.97561
-24.07148 298.65653 3.09112
-19.40255 301.19667 3.11852
17.67849 -48.39398 0
18.92735 -46.78817 0.01716
20.80204 -53.49643 0.00232
18.91118 -52.43936 -0.12153
20.57049 -48.81614 0.1091
15.07101 -51.83091 -0.05499
26.08154 -48.06701 0.04004
15.31246 -46.78437 -0.0686
20.45637 -48.5698 -0.01258
17.35418 -55.82434 -0.03686
-0.26109 -33.04419 0.04588
1.35109 -48.39423 0
-7.68176 -46.79789 -0.04162
7.06411 -45.16764 -0.03034
-17.30542 -50.33182 -0.02529
1.23017 -58.31483 -0.01614
7.21928 -60.62892 -0.1246
1.83931 -55.41324 0.00211
-9.56452 -37.03464 0.00081
0.63781 -47.90218 0.0346
-6.06608 -44.18212 0.09169
-1.99329 -44.97246 -0.00636
178.60084 139.3201 1.57079
188.08032 117.76762 1.6361
177.19881 136.37875 1.56889
174.15838 142.96083 1.56144
185.66705 142.54969 1.4854
174.03322 141.61082 1.54608
178.45142 140.83663 1.5869
177.16603 134.67872 1.76428
184.53754 137.42461 1.58775
175.1119 142.77634 1.46629
182.07801 144.55853 1.60411
-207.43889 127.83151 4.71238
-218.74869 131.46796 4.82779
-197.57997 117.8741 4.78374
-202.15663 134.70549 4.60536
-206.47411 120.84201 4.75887
-205.29855 126.94069 4.62328
-208.19051 133.4805 4.8573
-223.16384 121.46213 4.74806
-214.95829 131.33098 4.64577
-206.60131 124.47715 4.87065
-209.72006 113.1305 4.6939
-22.6771 297.7157 3.14159
-28.24218 293.89777 3.17171
-41.88745 309.85803 3.18168
-6.93434 298.92614 3.04763
-28.71051 296.09669 3.24648
-17.28817 306.66278 3.09535
-19.31323 294.89065 3.14267
-25.45468 286.85181 3.05602
-15.96327 303.52964 3.09654
-23.40718 297.70864 3.2106
-31.9757 307.1599 3.10219
8.857 306.39449 3.14159
13.40079 313.89868 3.17015
2.4812 310.95412 3.23301
14.93465 297.8787 3.27271
14.02055 307.89164 3.14729
7.6965 303.51795 3.22983
11.53181 303.86553 3.32673
3.16737 304.5676 3.20836
24.75756 297.71846 3.06718
12.98357 302.04766 3.1929
3.44543 306.96798 3.09493
-6.7378 -48.39449 0
-3.14089 -49.18593 -0.07489
-13.2321 -45.20816 0.07999
-0.10325 -54.66033 0.11043
-3.96658 -33.3654 -0.03714
-19.2689 -40.58808 -0.03758
-4.67403 -44.01737 0.23774
-6.83867 -35.33207 0.00457
-6.40482 -42.34186 -0.03987
-1.34508 -62.00999 0.05374
1.71181 -59.16641 -0.0167
12.60533 306.39449 3.14159
14.61274 299.46801 3.21973
19.09385 303.10063 3.07121
2.29136 307.23467 3.16814
11.61799 311.83181 3.11576
8.71649 306.31364 3.12863
14.49351 308.88716 3.0554
12.17298 297.0483 3.18858
14.61037 289.07141 3.1065
18.82661 313.50388 3.0745
17.51203 302.62743 3.02567
-20.25328 306.39415 3.14159
-9.04904 296.84456 3.13252
-18.71935 301.71224 3.07301
-18.5657 309.56562 3.06491
-26.25907 306.09983 3.29398
-23.99276 304.52306 3.07474
-24.41855 307.23043 3.1193
-22.78209 300.72953 3.16901
-12.88325 303.46303 3.1664
-21.06486 302.20022 3.14576
-22.53106 317.03684 3.18273
178.84992 153.25329 1.57079
187.17796 146.71762 1.68593
177.45011 167.5021 1.56906
190.3396 144.67257 1.4265
174.56924 146.93982 1.68187
171.85473 153.3411 1.53529
190.17489 161.2764 1.65975
174.14548 151.05785 1.66996
173.95963 162.70701 1.65326
174.62896 153.70357 1.52947
178.74366 155.39238 1.51283
-0.4891 -48.39423 0
-10.37082 -51.43921 -0.03534
-3.00174 -40.56314 0.13421
4.03316 -50.80995 -0.02683
-3.75305 -43.89324 0.09488
4.18001 -54.64065 0.06475
-11.90968 -41.40454 0.05017
-7.5718 -45.61782 -0.09761
6.38125 -41.22827 -0.07311
3.51248 -57.59828 0.08398
-5.16259 -54.32446 -0.06416
0.13579 -54.4878 0
10.01929 -42.76153 -0.06244
-6.39492 -47.91902 -0.03226
3.51139 -45.04685 -0.12721
-13.36171 -53.55026 -0.01916
4.6318 -63.89408 0.18723
-0.29819 -54.39799 -0.04934
-0.3079 -63.58488 0.06064
-11.99916 -56.1432 0.04918
-9.18541 -60.98771 -0.03077
-1.81895 -54.65577 -0.03484
