-36.00623 314.07365 3.14159
-39.6455 310.87792 3.15414
-30.58278 313.7303 3.27495
-31.44576 315.06559 3.14933
-36.46055 310.88101 3.19381
-36.16916 315.09013 3.19082
-26.93246 309.69221 3.22693
-35.71305 313.66977 3.12759
-42.43138 310.23724 3.1292
-42.06738 328.59284 3.13121
-21.20129 304.2102 3.10122
30.63546 315.26366 3.14159
20.79433 324.43065 3.24558
26.00102 312.92322 3.08761
30.6024 319.21026 3.07636
30.87668 309.28953 3.23881
29.89814 326.93255 3.27812
33.23169 309.88511 2.9664
20.53943 308.21538 3.17377
37.84175 312.01994 3.11089
33.70142 301.75266 3.15268
26.52025 314.0153 3.18611
-23.09319 314.2154 3.14159
-15.84604 317.26068 3.04608
-22.37004 312.60448 3.14138
-24.43273 316.88856 3.14574
-25.78111 315.77997 3.11309
-17.41645 317.9916 3.17004
-25.79277 318.06647 3.14003
-23.33646 306.83589 3.07649
-22.43087 316.28998 3.12676
-19.89626 302.78263 3.08668
-29.0387 316.03578 3.10565
54.7154 312.86319 3.14159
42.45421 319.07229 3.12457
48.40649 317.76879 3.07727
48.69511 310.2989 3.23834
44.80933 317.46165 3.04152
50.55742 311.06516 3.09072
58.5903 315.49245 3.1544
39.15275 311.62698 3.1694
54.17357 314.42576 3.18787
48.47435 302.71218 3.22358
43.07011 302.32047 3.14935
