-9.57301 -148.68019 0
-20.30573 -144.61238 -0.03197
-6.28182 -149.66607 0.0245
-20.10581 -157.52832 0.03083
-7.44891 -141.67526 -0.01477
-6.68173 -141.65823 -0.13159
-15.3828 -151.79075 0.1044
-12.0847 -146.94192 0.03421
-17.36162 -158.25056 0.02936
-3.81608 -144.60576 0.07825
-9.14179 -144.18668 0.1867
28.27241 -187.5275 0
32.39078 -186.08134 0.02569
31.67085 -187.20459 0.03515
32.02039 -187.90029 -0.01406
27.40688 -177.53611 0.09716
33.26051 -191.41668 -0.07767
29.53279 -184.73185 0.06133
26.81534 -183.06892 0.04645
38.29783 -207.2999 0.01444
29.36472 -185.91046 0.01484
17.79464 -194.51291 -0.03932
