2.4254 314.39413 3.14159
-5.35837 318.92528 3.17077
15.65992 324.57179 3.09089
2.38546 322.7527 3.24664
-4.41791 315.25192 3.07532
4.14489 317.33569 3.04604
8.00767 316.38741 3.11435
2.60905 322.06022 3.08984
3.06072 319.42172 3.1318
9.26261 314.17666 3.0483
7.0995 307.23933 3.25278
-180.14339 162.9214 4.71238
-183.20504 156.8722 4.86299
-169.89061 164.45547 4.69377
-181.20711 168.08162 4.76075
-177.05383 160.62347 4.7027
-182.41578 146.49837 4.66484
-178.9408 162.95642 4.77979
-182.15138 161.46767 4.63686
-185.4645 165.5653 4.68784
-185.08661 151.56063 4.75677
-168.14546 176.20701 4.71682
