-143.02988 64.14363 -0.78539
-142.42676 72.77416 -0.66407
-137.66937 75.4642 -0.77662
-147.70599 78.7792 -0.60833
-154.01614 66.67253 5.46732
-155.7388 59.97078 5.47795
-140.19061 61.50725 5.44838
-146.58307 64.65495 5.42493
-143.26457 61.30961 5.40521
-146.09955 64.4753 -0.71877
-140.90275 67.98337 5.36651
166.5956 260.54409 1.57079
163.05458 271.70769 1.52542
168.76215 255.07117 1.61885
168.27696 255.38407 1.53989
165.74266 265.69593 1.43893
172.81845 253.59726 1.60685
159.43212 272.6474 1.63727
164.23323 266.85647 1.57143
161.7437 266.4127 1.55844
161.26702 267.23757 1.51829
162.15844 270.13622 1.63084
136.60739 -59.17761 0
140.26516 -60.56921 0.03378
123.20908 -52.96937 0.01107
138.77442 -53.82675 -0.1655
132.90838 -56.12164 -0.0602
146.66321 -65.07498 0.08895
141.27992 -61.67157 0.05913
137.25859 -74.44419 -0.05297
136.45473 -63.63459 0.03145
139.08294 -62.59556 0.02932
132.4931 -56.40546 0.04074
-136.98617 15.19459 -0.52359
-124.09726 19.99267 -0.5927
-134.65196 14.65024 -0.60447
-136.34345 4.39249 -0.5524
-133.04113 7.12509 -0.53291
-131.01801 21.00861 -0.6156
-137.28565 17.55183 -0.64336
-145.79921 13.73031 -0.49604
-126.73405 17.19786 -0.55199
-142.22457 17.7709 -0.66006
-135.52267 17.82582 -0.55114
129.37901 10.80257 0.52359
127.42331 14.31139 0.41636
130.02853 15.06144 0.60297
116.18566 1.29976 0.54054
126.26955 8.11739 0.67023
128.69701 7.59683 0.59205
124.03495 17.91017 0.50408
132.70432 8.95795 0.38555
123.09486 14.95796 0.56813
136.26568 16.91403 0.49564
133.33672 12.41044 0.45834
125.79149 -43.8943 0
124.06081 -43.57443 0.08734
123.64657 -42.93894 -0.01148
118.84355 -45.94181 0.01479
125.37745 -46.99069 -0.05224
139.30155 -63.44506 0.16892
126.89791 -51.88513 -0.03938
131.30501 -40.27829 0.19554
125.24717 -49.82741 0.15393
136.96374 -51.97269 -0.11348
123.84138 -43.82792 0.04715
-236.37287 209.30988 3.66519
-237.41669 213.67538 3.6267
-239.44437 216.51528 3.67901
-242.02191 195.67621 3.7215
-235.80407 206.05279 3.69595
-236.89381 209.59922 3.6576
-240.12122 208.3942 3.66929
-244.95397 207.63403 3.66686
-231.30899 216.35334 3.65844
-245.5633 206.23588 3.69335
-226.80235 205.75308 3.64442
33.04253 389.81819 2.35619
23.91481 379.19548 2.32759
31.97805 397.47932 2.2305
29.6949 381.66964 2.27635
48.67884 393.43808 2.2566
39.64782 387.84274 2.39583
21.04798 394.69112 2.28107
42.94656 383.75374 2.40834
36.39227 395.50292 2.38469
23.49406 392.21667 2.31873
39.06108 380.83494 2.45155
141.96489 -43.89431 0
148.09627 -37.18878 0.01639
142.11478 -57.08221 0.07186
149.75569 -38.07895 0.12762
144.23801 -41.0933 0.11118
143.96264 -36.01033 -0.01196
141.07333 -41.27198 0.18882
137.5479 -43.19472 0.18595
137.23285 -47.05414 0.0161
140.02932 -36.2318 0.13445
138.57708 -45.3633 -0.11396
