177.79125 201.47374 1.57079
190.32348 209.86928 1.62133
182.29568 206.67571 1.66158
175.80673 194.91051 1.63569
177.83882 203.11719 1.55473
187.78011 204.66908 1.57794
187.47757 198.50275 1.57966
172.82068 191.80635 1.51829
177.35452 204.24232 1.59296
173.28497 213.09421 1.67832
168.72673 211.33216 1.43495
177.79127 201.4736 1.57079
177.2886 209.71715 1.64489
192.81319 200.18565 1.45896
172.72667 211.13605 1.67724
179.58743 200.23393 1.59907
172.68549 194.77683 1.50489
180.90861 197.04034 1.54585
178.02843 190.98787 1.51681
189.91068 203.28149 1.46524
169.78384 205.68275 1.50423
183.519 201.38085 1.63761
177.79125 201.47368 1.57079
173.60445 202.33705 1.5548
176.20602 195.52204 1.53814
177.79219 195.10164 1.63717
174.56174 212.07268 1.59022
185.47913 205.87108 1.63934
167.77244 205.62488 1.61111
178.65546 192.69052 1.55904
170.19529 202.69846 1.57643
186.81878 208.38283 1.48811
167.38915 217.37066 1.64814
177.79129 201.47368 1.57079
181.95108 205.75165 1.65934
179.88565 210.58387 1.58548
170.19469 198.53288 1.57054
181.90669 199.18619 1.55624
175.32191 195.82111 1.69446
184.09946 197.94543 1.5939
177.27618 205.30896 1.50858
171.86372 207.61572 1.56085
182.80005 195.25318 1.63949
176.74164 202.45484 1.62013
