3.17745 321.4374 1.57079
-3.71371 321.51598 1.61399
-7.02275 330.16097 1.64043
-5.69926 320.70568 1.5405
18.60081 320.83347 1.63366
-7.09746 325.76934 1.67009
4.37927 319.25411 1.68854
-1.51564 317.32564 1.60388
-1.63889 317.97903 1.60907
3.9509 322.07792 1.6252
-2.62463 336.65109 1.5848
-33.82455 322.23494 1.83259
-36.7139 315.25728 1.85589
-38.05873 315.56355 1.94342
-33.89475 323.90467 1.88033
-44.58028 328.79046 1.80279
-27.72269 322.22503 1.71256
-30.93438 324.27181 1.99477
-45.37725 324.90473 1.75056
-20.47898 326.10213 1.71709
-36.93385 318.65797 1.87353
-25.14863 329.41929 1.89367
-4.04445 333.27049 1.30899
-2.88089 333.61792 1.23247
-1.82233 338.934 1.37619
-5.90654 341.16653 1.21608
-18.31523 345.16916 1.31453
9.97133 328.88361 1.32701
3.98382 323.87347 1.34287
5.9751 329.65567 1.43597
-8.2879 328.76084 1.27827
3.24391 332.83216 1.28847
-9.64344 339.88019 1.3806
249.68439 113.46498 0
269.48311 109.64508 0.0258
253.11701 102.73719 0.05473
248.58179 112.13891 0.17769
259.57399 106.67076 0.11809
259.92656 97.76807 0.04523
255.8901 112.34313 -0.03496
249.18262 109.82932 -0.049
240.87293 112.50746 0.01845
256.58975 113.16122 0.02828
258.43837 117.48364 -0.17925
143.00837 115.32968 0
136.34146 116.26377 0.00835
138.75573 109.7213 0.0906
143.76838 124.89188 0.0188
136.02157 123.50578 0.16705
145.68833 121.50192 0.03582
145.52666 120.65493 -0.08216
141.6569 112.20028 -0.15254
134.57599 121.81817 -0.08934
130.58378 103.34561 0.0558
147.23379 108.32681 -0.04946
-197.90376 123.92146 3.14159
-190.03574 106.20688 3.13968
-185.28071 125.10724 3.20371
-193.42589 124.94663 3.19289
-199.68899 122.55515 3.27534
-207.80334 132.80723 3.10637
-203.56236 124.44191 3.22492
-202.18577 134.14927 3.13298
-188.61875 124.11283 3.17133
-185.61886 120.18858 3.20354
-203.79919 118.22746 3.09173
197.01808 158.83651 0
210.79729 173.10657 0.20344
189.92785 145.86479 0.03132
192.37204 156.83063 0.05343
200.28006 163.68357 -0.01298
196.4342 156.85114 -0.01806
194.90042 164.3923 -0.06913
180.5289 159.19054 0.1555
209.91418 173.92464 -0.18126
204.55629 171.32342 0.00925
208.59264 158.09867 -0.02455
-64.55928 244.8507 2.35619
-61.923 241.99627 2.43072
-63.62474 245.70603 2.42615
-68.57317 242.31413 2.25478
-63.12709 243.03324 2.343
-61.66147 239.44708 2.51504
-56.85689 251.20737 2.34088
-74.67358 243.67981 2.39091
-70.35782 244.19312 2.26105
-67.20101 249.3135 2.34274
-60.36111 242.34492 2.37409
-165.28458 244.85071 2.35619
-178.25843 250.72304 2.25579
-165.65817 240.39471 2.36351
-172.91492 240.24161 2.38832
-162.73652 248.97479 2.37394
-171.13155 248.15204 2.33061
-174.69185 248.41629 2.56734
-174.92701 235.83306 2.42192
-161.76764 257.67401 2.34986
-155.71974 248.7076 2.45261
-161.50589 236.70295 2.42512
13.08661 317.47346 1.57079
12.00245 332.0191 1.4726
17.90695 321.58561 1.44434
25.24096 318.19872 1.63315
20.12084 318.46101 1.56816
10.07556 328.29101 1.54634
0.3047 323.08069 1.32201
20.47836 314.64498 1.52381
22.37112 317.86821 1.44429
7.75643 307.26829 1.52732
8.08759 320.53145 1.56395
-22.58299 315.21605 1.57079
-23.32761 308.89614 1.50414
-26.86175 311.20577 1.61086
-22.43185 302.93916 1.62071
-17.49538 309.10684 1.64692
-25.76828 312.84609 1.55517
-32.01112 300.7896 1.53183
-17.37453 311.2524 1.64766
-18.29747 319.7608 1.50069
-34.13392 306.32308 1.47149
-17.40403 339.47533 1.48952
