9.03471 341.49989 3.14159
16.33775 337.4498 3.03926
10.6585 336.1501 3.33038
20.38553 335.80188 3.14373
7.46346 340.04392 3.13597
4.29323 337.02949 3.1862
11.4567 343.56281 3.104
10.33046 343.65941 3.25919
24.04217 349.07704 3.10981
11.45494 334.73764 2.98988
4.09323 337.48569 3.16891
-117.95339 147.7258 4.71238
-126.49513 139.04965 4.8277
-123.50039 163.04237 4.72575
-104.54773 156.08795 4.6757
-100.45362 138.27141 4.59063
-129.37954 158.17907 4.74386
-117.25262 139.67597 4.67456
-119.34582 142.39215 4.71326
-122.07875 155.15167 4.79604
-116.81237 146.64112 4.74646
-114.68687 154.97615 4.81465
-117.95338 291.79713 4.71238
-130.7105 292.31902 4.6138
-125.09626 284.77083 4.76255
-117.04164 292.74992 4.66499
-117.17725 295.9386 4.88414
-127.21312 290.39117 4.73535
-118.84623 295.81069 4.7994
-124.02858 286.34416 4.78673
-114.75858 291.49276 4.72211
-121.54732 274.65316 4.74908
-106.82697 292.34265 4.90229
