-4.56328 333.67217 3.14159
-8.42138 339.94792 3.25733
-11.16174 322.5755 3.14089
-1.22039 327.4155 3.0504
-4.24742 338.54662 3.10216
-8.08773 338.69091 3.15945
-5.20073 325.80394 3.09902
10.69466 323.64641 3.02744
-14.52677 336.89663 3.26294
-8.54047 343.6753 3.13264
-0.21382 340.78773 3.12823
128.5911 195.00553 1.57079
124.50905 201.85182 1.37259
118.82648 187.8441 1.67397
126.44031 198.60805 1.59656
121.79787 186.45466 1.64598
135.1939 204.81801 1.48979
131.27672 192.13948 1.52033
132.44635 203.5234 1.57779
124.39334 203.65387 1.49406
114.35206 188.52387 1.63753
122.61986 193.12714 1.57504
125.9705 196.46119 1.57079
128.87658 177.99838 1.5541
135.73972 202.12763 1.60209
129.14159 200.24195 1.63888
126.45612 195.33178 1.53698
129.68357 188.1475 1.58437
121.22686 204.17968 1.62433
128.94063 209.10287 1.53845
124.63507 197.08269 1.69813
129.27008 176.89996 1.72023
119.94123 186.30481 1.62041
132.24028 206.83459 1.57079
139.99547 198.46464 1.60789
133.18674 194.48303 1.52849
133.72758 205.6377 1.67975
140.10266 190.24919 1.52616
137.46546 197.57518 1.58042
128.51886 206.64946 1.49519
129.81638 204.57858 1.50839
137.67896 206.22951 1.6097
132.56542 199.99341 1.55466
125.58461 206.59719 1.45449
-125.75987 206.099 4.71238
-118.17801 199.39056 4.69396
-118.02803 212.91112 4.75943
-117.00413 217.4965 4.59872
-119.04949 209.33303 4.68361
-135.53022 205.53222 4.59711
-128.21712 204.00533 4.67541
-127.50739 207.3665 4.60482
-119.87631 200.26806 4.65887
-120.58497 217.47208 4.70765
-117.60357 210.8301 4.85796
-23.05339 291.50012 3.14159
-28.46864 299.27924 3.11535
-36.26518 291.14217 3.23884
-29.57853 295.6569 3.06174
-26.47336 285.59457 3.10159
-19.79687 294.4383 3.27401
-24.75693 289.39772 3.15303
-19.72845 299.04863 3.17288
-16.12054 294.34456 3.21567
-20.59407 288.77717 3.0147
-23.12679 309.99202 3.09938
114.9156 161.2935 1.57079
125.33271 162.03758 1.55141
110.29383 164.71527 1.60734
113.34554 162.52656 1.57171
119.51907 170.91425 1.4701
119.30262 155.68978 1.65545
117.24745 160.80657 1.57936
117.76287 162.58138 1.66987
117.36575 143.41429 1.47001
113.79343 161.4504 1.70565
126.00062 155.57721 1.66266
125.7681 145.3901 1.57079
122.72081 137.54782 1.59729
127.09996 138.51483 1.6878
130.82379 146.76502 1.49265
131.58905 144.87793 1.505
139.27821 148.2004 1.56239
130.55396 144.51351 1.46579
129.92415 141.63372 1.54773
117.61091 143.69174 1.50488
117.06041 146.66027 1.46603
124.09059 142.17112 1.56916
126.01209 134.21655 1.57079
115.3383 142.68679 1.62615
109.48507 142.55562 1.61453
116.94335 134.24243 1.62408
120.79339 136.01816 1.51203
123.041 130.8256 1.54288
118.83308 142.45552 1.4888
129.63434 125.9442 1.53531
130.81314 142.75243 1.53734
122.88782 140.25508 1.62113
120.40166 132.03352 1.55016
