-154.73148 189.45851 4.71238
-156.00466 187.49098 4.80156
-150.65768 182.56851 4.65761
-154.72237 182.17952 4.73936
-153.10573 195.9611 4.66786
-150.81147 185.15218 4.63434
-147.79166 187.55013 4.8015
-155.19861 188.73923 4.68774
-157.33772 189.95277 4.78062
-149.2804 192.64982 4.70198
-140.90114 178.03562 4.69829
-71.63597 306.3943 3.14159
-78.14241 304.35516 3.05905
-68.17292 309.44639 3.10123
-81.85659 293.46599 3.12996
-62.97935 298.98369 3.08181
-73.38405 304.50986 2.94055
-74.84779 304.66082 3.05639
-72.69255 299.1079 3.07675
-61.70061 302.75499 3.17965
-59.69868 296.39831 3.08282
-59.73819 300.30689 3.16828
-178.72367 306.39431 3.14159
-184.25662 306.57388 3.13391
-168.87283 301.79769 3.14245
-183.71367 293.5534 3.15137
-192.40588 300.23658 3.12972
-185.71023 308.01703 3.19741
-186.97082 303.92533 3.08165
-157.859 311.69904 3.19223
-178.75916 308.49105 3.18137
-181.40297 291.67161 3.12207
-199.27308 300.96429 3.17048
111.969 114.61699 0.78539
101.13309 129.46561 0.79991
100.06425 99.14188 0.77089
104.42444 121.2985 0.79134
107.1585 122.56341 0.58779
112.68461 115.22926 0.6449
111.52469 104.08696 0.72244
103.02193 111.43422 0.66572
114.3844 110.96531 0.75265
106.99703 108.58615 0.7101
111.32675 116.02696 0.822
-88.5974 313.93079 3.92699
-79.5 311.70521 3.9203
-95.0833 312.42025 3.89474
-84.34611 313.83975 3.98764
-80.26639 302.57939 3.94664
-89.48739 305.90717 3.92912
-90.59545 307.50834 3.85642
-87.20593 314.00404 3.88208
-85.11675 326.40085 4.00823
-82.28362 316.68521 3.78115
-88.34888 325.47496 3.95424
129.25479 126.863 1.57079
116.04956 126.53913 1.61533
135.27106 123.80693 1.63452
147.20635 133.69451 1.65703
124.23838 116.42071 1.67859
133.29201 138.53497 1.63153
136.07785 128.35733 1.47643
133.41994 134.51212 1.61416
127.46812 127.28563 1.6099
128.0749 122.64423 1.60596
122.51258 130.43752 1.54135
129.25479 227.5883 1.57079
119.08266 225.8833 1.52871
134.77613 240.751 1.52081
136.27575 217.90858 1.59173
120.33554 221.56237 1.56646
135.44253 213.13233 1.64793
129.0735 228.66985 1.62373
129.46493 225.55523 1.56817
135.31115 221.32854 1.56465
122.78879 222.8473 1.57741
119.61425 224.39145 1.54265
18.50141 166.26559 1.57079
18.18651 165.21607 1.4092
6.61678 169.58263 1.58135
26.37015 158.90701 1.55439
10.12948 154.43552 1.51839
4.53089 160.9658 1.60516
27.96565 167.08648 1.70952
19.13152 166.6977 1.5856
29.82644 172.42424 1.50727
25.75243 180.72362 1.59188
18.37954 164.55601 1.44597
129.25489 242.16835 1.57079
131.66585 239.95593 1.59106
135.28158 237.27774 1.66484
126.79912 250.30952 1.47785
131.69377 232.66979 1.61526
128.7607 242.11589 1.5388
130.98873 242.17155 1.58188
120.62171 249.18005 1.45286
132.00225 233.05649 1.70218
131.39277 239.56701 1.61674
143.05261 239.55067 1.60846
129.25489 98.09702 1.57079
128.69531 103.47442 1.47925
133.12402 103.14207 1.56917
141.20899 84.449 1.5272
118.9893 102.3563 1.65227
120.72436 98.80176 1.55754
128.57113 93.29793 1.43417
125.32139 96.48373 1.51416
134.23324 105.25014 1.52478
131.46462 87.67095 1.41746
130.23841 100.66746 1.61172
