5.59532 110.18819 3.14159
7.43064 113.05359 3.1975
8.13798 117.64511 3.14302
8.35611 113.71361 3.09169
7.07599 115.2597 3.25407
10.37161 102.5983 3.12579
12.56904 108.89151 3.13247
7.18133 103.20937 3.17483
0.65901 112.01339 3.23313
10.32668 99.79879 3.11468
-13.85421 116.28856 3.09467
0.39637 103.15818 3.14159
-8.41706 109.5458 3.14098
-10.55075 104.69996 3.1306
-7.59061 109.01165 3.09622
4.49486 101.70207 3.23994
1.09588 94.07627 3.14207
-0.01109 91.99165 3.13664
3.69864 109.56284 3.08788
10.42839 111.10654 3.13632
1.73496 105.1286 3.03815
1.81033 99.28947 3.1315
