-18.71596 182.33623 2.35619
-11.04666 187.55916 2.30241
-13.30901 178.37282 2.43292
-21.68723 188.19571 2.39708
-13.89097 187.29574 2.26462
-17.14459 178.90372 2.18982
-19.47016 181.4549 2.36829
-18.26427 186.52052 2.36516
-20.74291 179.48562 2.17744
-16.80282 190.17411 2.35441
-30.1096 180.06836 2.34272
6.62026 187.96571 2.09439
15.47333 185.74058 1.99209
6.2698 188.40788 1.98882
-2.05754 189.7826 2.18559
20.17302 194.43963 2.1077
24.73186 180.2465 2.04476
4.86008 192.27014 2.09965
-0.92574 178.42793 2.16442
8.3593 193.81746 2.11728
1.76228 185.41542 1.99795
12.79325 181.90825 2.11951
-11.91712 191.02391 1.04719
-11.76734 194.3115 1.06012
-23.79333 200.02801 1.00795
-9.11206 186.25081 0.9258
-9.5291 187.36648 1.08614
-4.06013 173.36007 0.96963
-19.68405 182.26873 1.05787
-14.61934 200.93412 0.97174
-9.46008 207.72936 1.06171
-6.9172 191.15938 0.84975
-19.39752 186.55473 1.09818
-54.37459 180.11782 2.61799
-62.71113 183.00624 2.67801
-47.16993 172.44719 2.68235
-58.26276 178.54418 2.52619
-45.94085 183.71082 2.53228
-44.9387 177.46139 2.61613
-53.37308 168.04927 2.55027
-49.82531 187.34418 2.51966
-59.84994 176.93715 2.59906
-53.65833 185.71205 2.49234
-60.66889 194.72871 2.56897
27.85709 164.80791 3.66519
29.83824 164.21348 3.58339
30.44155 158.96468 3.66305
16.2867 161.4107 3.69127
26.94117 159.12605 3.67209
18.26374 164.80745 3.91245
28.79705 162.13928 3.79038
35.54483 168.29938 3.57677
39.12284 161.87419 3.73966
24.92491 160.79247 3.60818
30.71132 150.50461 3.67779
-71.91017 171.66549 -0.52359
-69.54354 176.35601 -0.56611
-81.70308 158.64247 -0.47013
-70.48007 175.23323 -0.4368
-67.06644 170.66639 -0.61716
-70.54149 165.53697 -0.59663
-71.37156 176.6147 -0.46558
-72.50834 180.25148 -0.59738
-69.89687 179.21423 -0.54811
-66.87217 182.02538 -0.54641
-71.87804 167.54648 -0.4253
1.8301 126.23689 0
-2.87879 128.49314 -0.06461
4.34091 127.85222 0.06937
-2.09606 135.25237 0.09486
4.50736 127.34643 0.07836
18.26381 118.30775 0.03539
9.21685 132.01793 0.00023
-1.06173 129.43004 -0.01996
8.46226 124.09529 0.02042
-11.1785 121.35116 -0.03163
14.13188 122.63518 0.00091
-7.00793 138.42091 3.66519
-8.41233 137.7059 3.80538
-10.83112 136.70357 3.49481
-14.70255 134.21022 3.59201
3.15037 123.90902 3.61025
-1.7497 132.9977 3.72936
7.19439 141.66426 3.62188
-14.82583 140.92364 3.70326
-11.65434 140.20215 3.6946
-8.0796 138.08196 3.68774
-5.37761 141.7685 3.78072
23.933 149.92126 2.35619
16.36186 147.19193 2.33472
27.93668 153.10675 2.43606
24.33405 142.67966 2.35266
17.75769 144.47492 2.34253
22.20307 147.33663 2.30581
26.53942 153.21947 2.28187
18.51499 168.83819 2.39559
23.68677 155.98516 2.35729
8.1335 139.80283 2.37843
28.35326 155.86274 2.23483
6.62021 187.9658 2.09439
-8.86273 176.43231 2.08465
11.51308 182.96167 2.11529
12.28531 179.62124 2.04383
16.82989 195.27942 2.05297
-0.88626 196.30258 2.03943
14.85081 193.07034 2.07573
13.70415 192.0729 2.18705
15.59814 183.83481 2.17871
1.40783 191.9022 2.02449
8.32891 189.28095 2.15719
-11.91707 191.024 1.04719
-14.6577 189.94277 1.08546
-9.53523 179.63981 1.11376
-18.66013 190.56451 1.00141
-15.43813 191.83948 1.02015
-17.46466 198.35189 1.03529
-10.62478 196.34264 1.0335
-22.27485 187.08731 0.87928
-6.16064 195.39352 1.01179
-10.39643 188.59799 1.01484
-14.36817 181.82939 1.11824
58.36039 120.32879 0
68.42977 111.909 -0.15838
71.51838 129.95436 -0.04054
62.89192 134.81495 0.04003
54.55188 120.37315 0.13614
57.09281 123.91449 0.00774
58.77122 108.17897 0.06358
55.02569 130.73648 0.05358
48.23965 111.98606 0.2104
55.52503 120.7107 -0.12437
67.85306 115.74221 0.01124
-39.74327 120.3288 0
-41.66265 116.92613 0.00109
-33.70296 112.35315 0.10352
-41.82817 125.59849 0.06571
-34.69713 119.81786 -0.01455
-49.47832 118.3866 0.16741
-31.03365 123.06286 -0.12713
-43.40162 126.05187 -0.07265
-42.55549 121.91223 0.01316
-31.10579 133.81937 0.10194
-44.54071 113.45361 -0.01156
-20.64218 163.64129 4.45058
-22.77868 162.44042 4.63316
-25.57967 160.54759 4.51055
-24.59644 165.63321 4.51811
-26.16147 156.35515 4.23436
-23.23184 164.97298 4.36344
-13.65917 170.36543 4.37067
-29.45585 164.39294 4.65166
-11.55086 160.69037 4.35858
-33.76887 158.1468 4.43242
-26.25428 164.69975 4.54503
1.8817 166.33556 5.23598
5.81074 162.00138 5.30245
-5.54236 179.23238 5.25525
4.04698 157.51403 5.27578
5.77722 172.83985 5.31518
8.76885 167.07519 5.20213
-1.09309 160.0229 5.19017
8.47008 164.30428 5.17833
-0.61069 175.33731 5.31932
-6.94298 164.67178 5.23721
5.05985 169.27716 5.33844
