188.42051 174.15384 1.57079
184.14452 169.22158 1.65552
186.51346 174.48142 1.64889
189.85615 171.162 1.59581
189.30828 172.4076 1.54093
180.95225 171.92093 1.64256
189.73495 174.00704 1.58053
177.34401 175.33534 1.60857
193.10412 167.30433 1.46987
187.0676 170.93163 1.56762
198.85852 168.53915 1.56405
-24.40447 339.89435 3.14159
-21.93326 341.77028 3.05798
-27.83874 346.33558 3.10434
-35.41482 321.04279 3.19872
-19.70672 343.50566 3.32198
-33.24148 341.33473 3.17121
-25.53369 338.91724 3.16722
-35.01212 343.01467 2.99159
-24.35983 340.37515 3.06021
-14.53281 338.33988 3.15855
-29.3941 346.1333 3.08194
-134.35233 180.4999 4.71238
-138.84155 167.98164 4.75624
-123.13998 174.75225 4.62962
-132.99605 187.90346 4.73265
-118.71115 183.31673 4.73537
-131.5354 179.06448 4.75203
-126.8937 185.44928 4.58577
-133.27444 183.33676 4.76168
-146.62814 194.52266 4.73458
-146.23448 167.90442 4.71529
-143.57388 184.42554 4.57418
