2.89063 317.39465 1.57079
4.9002 312.60528 1.57611
21.32123 308.13156 1.56163
4.05165 318.50673 1.66976
8.41647 313.9005 1.57405
-13.91081 308.99787 1.78912
6.59058 321.88459 1.51072
-2.38768 322.92391 1.57711
9.60534 314.62475 1.38178
10.45451 308.12385 1.54171
-7.99567 329.71008 1.6864
175.33649 125.39402 0
178.31753 124.2467 -0.01905
163.24982 129.38844 0.10446
172.19274 127.14952 0.03674
195.53198 125.82068 0.05249
174.33025 127.01679 0.01331
170.52126 127.1803 0.10626
178.70712 131.24702 -0.02492
178.19603 131.44624 0.08449
160.79102 131.10502 0.02185
162.73458 130.12713 0.03698
172.2801 122.77692 0
170.29823 115.73592 -0.041
163.20798 123.11374 0.0354
183.62348 121.74566 -0.06606
175.73141 116.07975 -0.04895
180.31702 121.82003 0.02283
178.47982 117.98888 -0.0454
166.49196 127.94561 0.02297
177.23291 135.72597 0.16286
173.16236 111.79374 0.04147
168.8974 117.59017 -0.01639
-166.60209 127.042 3.14159
-160.20994 117.28397 3.20734
-160.45712 119.63279 3.17974
-169.64662 132.37062 3.1212
-169.34928 129.49639 3.13494
-165.15325 128.35269 3.18747
-154.30538 122.22231 3.16489
-170.71085 117.20893 3.15801
-165.55348 134.78299 3.13145
-153.60198 141.70507 3.15651
-167.55161 128.34391 3.2127
-167.76459 127.799 3.14159
-171.39065 147.01114 3.20071
-174.693 116.15656 3.13498
-168.14206 123.58337 3.02938
-167.65727 132.63458 3.06716
-165.78051 150.56882 3.19056
-169.53105 127.24733 3.07035
-173.24908 132.26138 3.23962
-165.14992 122.58085 3.05374
-174.24603 125.77125 3.23277
-171.97632 123.24174 3.14541
169.8839 130.20098 0
167.81849 123.04691 0.05121
186.2356 132.42749 0.0571
168.44803 127.85658 -0.02534
166.17891 128.80734 0.01056
172.45502 141.88885 0.01044
166.71192 117.82642 -0.00911
169.26425 130.14292 0.06779
170.74001 128.31333 -0.06089
175.98597 134.63728 -0.06792
165.50838 127.79964 0.04811
156.3651 121.01509 0
163.46321 127.40514 0.01743
162.70592 117.96313 0.00683
152.49917 116.38254 -0.06157
147.71381 119.43197 0.12745
150.59964 123.0169 0.14083
158.74285 123.16033 0.04003
154.97611 105.64865 0.03423
157.10242 112.31031 -0.07251
156.22804 115.07677 0.04218
166.48039 114.41125 0.13812
-157.10068 136.98507 3.14159
-151.39736 128.0183 3.0497
-167.99049 139.82842 3.21629
-160.25016 132.27363 3.08153
-154.96498 141.93224 3.12405
-158.83795 132.61207 3.16094
-154.22246 132.66072 3.07713
-151.73339 128.40901 3.0577
-149.92083 135.26443 3.12701
-161.90956 126.35265 3.05114
-153.63912 135.03246 3.11264
177.9717 123.90975 0
184.43601 134.78743 -0.17245
178.24516 123.18912 -0.0374
174.32315 141.00702 -0.02359
177.5565 113.96699 -0.04353
182.63432 115.34934 0.00242
176.83428 117.95686 0.0414
174.50533 133.23538 0.10625
160.29134 118.76485 0.01143
175.12366 123.78373 -0.09259
178.14929 121.70817 -0.00161
6.29683 315.9407 1.57079
2.77262 322.55557 1.46529
7.69886 320.3114 1.50973
7.34724 307.025 1.69211
-1.04897 315.55608 1.56043
4.2288 330.41342 1.46324
9.35646 319.72651 1.612
14.13648 304.46457 1.46315
10.25111 306.43026 1.74885
14.68857 314.55232 1.60312
9.78039 316.39505 1.68493
170.65601 153.51058 0
166.44116 169.11409 0.13309
167.35287 169.23129 -0.00778
175.63852 139.75479 0.03422
173.36925 154.60846 0.03006
172.11521 150.24024 -0.00321
169.11814 154.13795 0.15567
172.87806 172.59762 -0.02399
179.00243 150.30372 0.04302
173.83529 147.35703 0.09822
164.49859 155.63704 -0.07393
-199.2978 124.2849 3.14159
-196.25371 119.6585 3.12371
-201.63191 128.03117 3.08896
-202.59626 121.49977 3.09816
-191.55291 128.70536 3.00539
-203.01468 124.6448 3.12873
-200.33506 110.45374 3.01885
-194.15771 122.42978 3.14559
-194.25102 132.25517 3.20652
-198.10262 119.88047 3.16446
-217.52506 122.96056 3.15675
-17.73777 301.8356 1.57079
-26.47028 304.74329 1.65863
-15.06518 304.33889 1.52369
-17.23931 305.03242 1.52141
-11.87872 305.96325 1.66243
-21.54282 303.47742 1.52623
-14.43133 311.83279 1.57743
-9.49401 294.59057 1.65359
-6.25534 291.94014 1.60022
-25.23664 296.30943 1.5486
-8.82723 286.79962 1.52895
217.8098 119.31788 0
217.5478 115.85667 0.00831
229.49367 124.49218 0.06286
229.4782 128.85705 0.04745
225.24653 115.77046 0.07965
208.96089 110.84709 -0.0569
218.10442 122.07325 -0.01344
218.82785 113.70591 -0.02527
228.17929 116.61378 -0.00473
215.75476 118.01203 0.15173
220.32153 113.79803 -0.0384
102.82051 267.55849 0.78539
92.49717 258.16099 0.77564
106.91474 269.07162 0.789
114.62278 264.07144 0.9059
87.76401 262.78417 0.74838
103.22102 265.76862 0.87494
107.4341 266.89527 0.73469
105.58791 259.06243 0.72611
105.04818 287.30586 0.95422
105.18851 267.30728 0.75631
99.96138 258.60041 0.80683
145.81702 127.04209 0
137.19173 120.97401 -0.14914
152.3112 128.56562 -0.08439
147.7096 129.8408 0.02109
141.16342 125.22797 0.02202
141.30979 133.07393 -0.09946
149.5265 137.84643 -0.02763
144.0306 132.31418 -0.12507
137.43265 124.47834 -0.09316
145.27435 130.21768 -0.0707
145.15046 123.38852 0.0374
-164.0162 115.0508 3.14159
-171.94198 119.31752 3.29851
-163.70601 107.82875 3.13365
-160.98517 106.86961 3.13032
-171.41177 112.48276 3.02804
-160.41935 114.24562 3.16842
-168.20014 115.26731 3.2417
-168.10591 118.96584 3.19115
-161.76068 123.14913 3.08949
-164.00294 119.13322 3.0232
-165.32756 106.64335 3.05744
-196.87405 149.60946 3.14159
-195.1694 141.70418 3.18658
-190.39457 165.35979 3.26669
-193.82614 145.3989 3.2059
-202.07556 145.4262 3.01581
-193.58955 146.85875 3.16949
-195.89947 148.34407 3.15558
-205.08687 145.97281 2.98205
-194.03312 154.02456 2.99912
-201.8755 145.97579 3.16138
-187.6774 146.0564 3.21939
22.06523 329.87406 1.57079
30.56388 327.63007 1.64331
34.08094 327.47295 1.63693
20.30862 326.36634 1.58512
23.50785 335.38301 1.76432
26.17016 325.76519 1.42165
22.06245 319.60894 1.54371
18.54822 328.05201 1.58179
26.32471 312.01807 1.54412
23.55886 329.98539 1.59622
21.55643 338.90329 1.55206
-135.80758 244.85066 2.35619
-126.13767 247.61424 2.3699
-138.70052 236.16461 2.35685
-131.29183 252.67074 2.28396
-133.87994 243.22373 2.34439
-143.84686 248.81036 2.40239
-134.66279 237.17988 2.35861
-146.3272 245.67224 2.33201
-133.47413 253.37179 2.40776
-136.45501 241.32619 2.31497
-133.86039 244.51177 2.3942
9.85757 273.60659 1.57079
5.99847 280.36573 1.56894
24.24486 279.67787 1.69988
5.60366 272.67134 1.38779
15.68736 270.51153 1.6204
2.96847 272.18336 1.48233
10.47116 276.35904 1.51191
17.11945 281.34368 1.53047
4.76198 274.41878 1.62156
4.67219 262.19912 1.68902
1.46714 270.76797 1.54861
