138.41507 182.13279 0
132.98391 179.67773 0.04839
128.73363 184.76733 -0.02416
139.7271 179.4916 0.0511
137.54872 181.93879 -0.06028
132.87674 182.23935 -0.07166
129.99512 176.33947 -0.01501
140.03978 175.82321 -0.06015
144.04807 170.52271 0.00661
136.12713 189.22924 -0.05052
134.06714 188.54773 -0.02117
-154.21799 171.32673 3.14159
-160.51724 173.95167 3.12915
-147.68866 183.8134 3.23694
-150.71248 180.05979 3.07156
-163.70345 176.16371 3.16064
-150.44549 173.67243 3.11647
-143.4836 177.88824 3.22209
-157.44096 174.9297 3.09977
-166.13524 173.62469 3.26854
-148.03747 175.22564 3.13477
-153.46163 182.67417 3.06919
-0.87269 213.6297 1.57079
1.1756 206.62143 1.60843
-12.20671 211.11438 1.61311
-4.96708 210.75741 1.5645
-6.34988 217.87851 1.6303
7.49647 228.12052 1.40187
0.44958 201.26675 1.47132
12.45365 213.80148 1.45687
8.08468 218.66718 1.72093
3.89442 218.97822 1.56851
-2.94153 220.12169 1.44367
153.0495 169.47759 0
154.76967 173.2129 0.1231
146.36214 168.24523 -0.03197
159.80978 177.95425 -0.01646
149.39596 168.67316 -0.10805
160.29661 174.5516 -0.07438
153.5925 163.97011 0.04494
145.45841 165.42685 -0.03305
154.39403 156.4957 0.04401
153.34273 156.77954 -0.04084
169.57538 157.5134 -0.04967
163.6975 176.88661 3.14159
168.88398 168.34276 3.0543
169.18152 184.42851 3.25604
159.34879 176.69449 3.21375
156.51543 176.61011 3.14359
168.28679 184.38228 3.20483
169.02181 178.06488 3.11557
152.82677 188.1189 3.12509
159.87862 188.2505 3.1817
160.00616 185.75038 3.20483
167.60922 170.1097 3.19196
-7.38049 201.9063 4.71238
-19.58953 196.26597 4.84969
-12.38009 199.43534 4.64747
5.44658 208.69906 4.78272
-0.64247 211.68963 4.74673
-3.16692 193.28284 4.70621
1.09308 211.07927 4.81683
-4.94661 197.43202 4.94523
0.24599 196.32833 4.78914
-8.52055 197.58643 4.85971
-8.77336 210.97338 4.6355
1.1462 157.88299 3.14159
1.05691 165.98999 3.04565
2.80042 159.93976 3.10837
8.1994 159.98894 3.03616
-6.74272 175.81951 3.12533
-0.69828 147.82768 3.14189
2.84755 171.10848 3.04424
12.43987 149.864 3.07935
6.26474 161.32977 3.21378
-6.71726 162.56738 3.12108
13.54315 182.06304 3.08497
182.7828 177.53669 3.14159
187.95306 182.95752 3.04351
189.70029 182.64332 3.09341
186.98466 173.72429 3.1535
177.21116 173.84761 3.14256
171.36531 171.7159 3.05225
181.38875 175.57765 3.20617
185.83129 187.57324 3.22742
174.29746 190.04553 3.27789
174.10594 172.61482 2.96746
181.77938 175.52657 3.27294
-0.87259 213.6299 1.57079
-5.02937 209.61777 1.60857
-9.42613 209.17531 1.62661
-13.90725 207.47925 1.43655
-6.00857 209.21955 1.61535
5.87092 215.38434 1.52108
4.53564 210.97844 1.58049
-2.37625 217.61217 1.53659
-1.28188 215.46099 1.39946
-4.34089 215.81496 1.61423
-5.82669 222.79709 1.60234
130.5759 216.31403 1.57079
135.03387 211.4199 1.55604
120.2846 227.58945 1.66227
128.04469 220.08593 1.59372
113.17694 224.80255 1.64953
140.95111 205.36647 1.58691
128.04209 219.73435 1.68418
124.59437 200.6906 1.66328
134.35795 219.27303 1.58813
132.26235 222.52852 1.60403
141.56412 211.53674 1.47569
161.38708 176.86179 3.14159
165.10818 173.59321 3.09331
174.11888 182.81744 3.27837
154.35056 179.07594 3.1101
158.57212 179.38477 3.193
173.48009 188.75605 3.15104
146.04507 167.2157 3.19855
168.37452 176.52611 3.08221
166.36394 177.49944 3.14347
163.29422 172.69887 3.15888
166.15729 183.41419 3.15028
187.32221 170.36419 3.14159
193.94902 176.96759 3.14286
180.33845 177.472 3.04306
173.8157 178.50439 3.19809
195.72353 170.93857 3.17842
185.59748 175.33385 3.18791
190.10903 166.1487 3.30782
197.81303 176.52575 3.19116
191.03229 176.18709 3.04857
185.20776 160.51949 3.0943
188.24668 163.79085 3.13744
