150.62029 -1.7616 1.57079
148.92272 0.14246 1.51447
155.7923 -10.83999 1.54855
160.53064 2.87845 1.50811
159.71442 -7.71802 1.6273
170.32351 -5.13249 1.47659
146.31605 -6.83149 1.4892
154.89813 -1.94498 1.51941
141.84898 -6.76053 1.66906
155.8276 -2.9141 1.53726
151.28391 -13.98896 1.48819
11.95366 -134.916 0
10.09488 -128.56974 0.11516
-6.13624 -126.8981 0.04413
12.24128 -142.3766 -0.04728
12.07916 -133.80367 -0.03533
11.14773 -133.3324 -0.02891
10.98325 -138.99106 -0.09191
22.40164 -122.05506 -0.05351
4.107 -138.30115 0.03969
6.41396 -135.02066 -0.07057
6.31628 -138.17768 -0.01453
-10.214 -126.43083 0
3.53537 -127.08085 0.05864
-21.77257 -128.42447 -0.02578
-8.41667 -118.7433 0.01215
-8.52477 -116.37576 -0.06856
-5.4347 -125.29357 -0.02218
-9.12361 -124.93079 -0.02418
-20.31968 -128.86558 -0.10314
-29.55709 -124.66605 -0.04637
-13.4418 -123.88824 0.04422
-6.27661 -120.86701 0.02169
-4.47689 128.0834 3.14159
2.71414 142.01197 3.12635
6.73129 140.3324 3.06062
-7.18288 134.85845 3.07594
-15.79356 130.82196 3.19052
-8.19924 126.03504 3.26694
-8.25638 131.38964 3.25512
5.45942 136.60608 3.0287
-8.05052 122.88901 3.14939
-13.84842 130.93259 3.20378
4.75699 144.75208 3.17969
-6.5962 -129.91659 0
-16.03333 -133.57156 -0.03088
-7.86076 -130.64519 0.01248
-0.53102 -140.30601 0.10892
-10.04957 -125.90939 0.11651
-6.97894 -129.44453 0.02716
-13.9148 -131.92657 0.06632
-3.47753 -139.73665 0.00617
-7.46227 -108.86607 0.11291
-4.69489 -133.00585 0.08049
-3.55279 -138.45832 -0.06315
-1.2251 -122.26079 0
1.59039 -126.81907 0.01145
1.89986 -139.88838 -0.02748
-11.41484 -130.54009 -0.03955
-3.01636 -114.27136 0.08138
-1.07812 -117.71614 -0.03892
-1.03809 -98.09632 -0.1174
-10.05863 -116.00359 0.01162
2.24046 -123.47388 -0.01372
-0.88492 -120.6573 0.02513
8.69965 -126.31972 0.01557
1.4996 129.66985 3.14159
-0.57955 117.33172 3.12064
0.10963 141.70964 3.13983
-10.80101 125.58352 3.02409
6.05983 141.33919 3.24397
-2.70614 134.91378 3.217
9.11602 122.32966 3.1735
2.28894 132.39936 3.14402
9.8132 132.40472 3.31486
4.29604 128.37829 3.1319
1.46453 134.24768 3.12567
2.23519 -128.3303 0
9.55068 -125.3216 0.08391
9.21802 -124.99478 -0.06407
16.11176 -133.75722 0.00356
5.45731 -131.66262 -0.05592
-3.04371 -128.21632 -0.03565
0.57121 -140.24966 -0.14875
20.64177 -131.15396 0.05429
5.9058 -124.77473 0.06708
-5.5534 -132.48722 -0.06622
8.81256 -129.65203 0.1361
-153.31049 5.07411 4.71238
-156.37274 10.8818 4.68313
-163.31715 2.89217 4.69501
-161.5963 3.45966 4.86196
-146.92713 0.34997 4.71567
-148.67355 0.21991 4.72939
-143.8159 -3.21415 4.71867
-148.70206 4.61773 4.62796
-153.63456 8.24168 4.77528
-152.76449 2.89889 4.61188
-147.94134 0.6039 4.63699
-0.63111 -147.33379 0
-3.93258 -157.05786 -0.00621
1.01926 -146.16527 -0.0916
14.41512 -153.09825 0.05623
7.50069 -146.11464 0.14026
-3.09362 -154.11412 0.0452
-10.90607 -137.39556 0.04193
-4.51143 -144.90694 0.01268
-3.06944 -145.68525 0.1721
-4.45495 -153.23357 0.13206
-2.75908 -155.8193 0.07314
-2.1904 -127.68009 0
-3.06009 -130.50316 -0.04294
3.07419 -123.43891 0.04232
4.53705 -124.70305 0.01056
-7.62216 -128.29714 -0.10166
6.68774 -127.45411 0.04431
-5.57227 -116.81795 -0.0159
-0.80407 -116.87872 0.08514
-6.43829 -124.35172 0.07487
-4.10851 -123.57746 -0.17214
1.39167 -132.71901 0.12399
-4.47699 128.0834 3.14159
0.06851 127.01904 3.12501
11.08654 125.44909 3.05821
-10.96995 124.32032 3.12555
-18.88918 125.99451 3.07506
-7.32392 124.63157 3.122
3.30384 129.46434 3.165
2.53612 131.11239 3.08199
-3.09652 128.62196 3.18327
6.97792 126.11645 3.3002
-6.9396 127.60686 3.26221
-6.5962 -129.91659 0
-14.71971 -124.17726 0.02497
-3.67419 -127.24092 -0.03751
-10.36529 -133.31784 -0.04358
-9.18602 -128.46997 -0.1122
-12.62919 -139.25248 -0.07914
-3.11255 -133.14925 -0.04169
-7.58379 -130.29517 0.08818
-7.77794 -138.0101 -0.06669
-3.30068 -129.40949 -0.04831
4.00778 -123.02761 -0.02863
-3.41284 139.3157 3.14159
-6.08465 131.30231 3.04471
-10.98588 136.1008 3.02316
16.40157 130.22644 3.11616
1.4501 144.98583 3.12049
8.05579 134.54537 3.12267
-1.85331 132.52827 3.22182
0.2852 143.54493 3.18105
-2.24228 135.13518 3.11251
-10.57654 138.89017 3.03678
0.64779 133.6511 3.11697
-8.82519 -128.75879 0
-7.84016 -134.93533 0.01316
-5.40884 -130.79639 0.03769
1.88667 -128.92423 -0.01719
3.08319 -127.03174 -0.06513
-5.21937 -140.60052 -0.08695
-2.04751 -124.06062 0.10438
-20.99809 -132.08268 0.04867
-24.10874 -147.86789 0.02757
0.4763 -127.08533 0.01578
-10.67392 -133.88494 0.03747
