-3.75029 297.8298 3.92699
-15.28478 303.50631 4.03194
-7.8286 288.42601 3.93821
-15.02978 302.44612 3.88179
7.20079 301.98603 3.87558
-17.41477 305.78598 3.83088
-6.52408 305.87552 4.06618
2.23012 300.39207 3.91072
-7.39705 299.6596 3.98271
-2.54454 313.79394 4.04307
3.66656 289.73457 3.86581
256.0842 111.94296 1.04719
264.43437 121.44062 0.99213
252.42119 118.35596 1.01845
245.03453 111.57124 1.10313
245.71696 113.18082 0.98621
260.24889 120.33274 1.17171
258.35017 109.45286 1.06543
244.12807 109.18367 1.19409
251.34959 93.60661 0.97612
259.6323 122.49587 1.03364
258.46178 96.67805 1.08884
-13.30529 187.0155 1.57079
-18.91277 184.10064 1.48284
-14.53199 186.762 1.69298
-6.82872 194.91267 1.62306
-16.43389 189.2816 1.62274
4.65178 172.65949 1.65283
-11.30405 185.57244 1.50143
-22.13669 194.06272 1.50711
-12.86986 201.2713 1.66986
-16.22402 176.55308 1.67735
-12.91925 177.23038 1.5272
-137.24199 294.4335 3.14159
-145.15034 286.34564 3.14779
-138.46122 293.44209 3.24152
-136.39802 285.69994 3.21439
-132.9254 289.60727 3.06084
-137.58629 303.60114 3.15006
-129.06827 290.01869 3.16637
-141.55813 291.05171 3.09434
-138.61175 293.4833 3.19312
-141.90189 301.43549 3.06042
-141.21631 293.34329 3.1066
-100.58879 54.15669 -0.52359
-97.45869 58.54886 -0.44943
-88.61832 39.50747 -0.51311
-93.09011 42.46799 -0.44464
-102.16101 43.08429 -0.50978
-98.4632 55.60697 -0.51294
-98.27125 50.63335 -0.46307
-92.25213 62.336 -0.5429
-98.12719 53.49941 -0.52139
-111.76926 56.85967 -0.37548
-102.48066 53.80392 -0.51439
104.9598 54.15669 0.52359
100.96459 50.67705 0.55449
104.03796 58.8145 0.44924
108.95146 61.64071 0.61058
99.82169 61.58037 0.40942
110.55386 64.52475 0.5245
106.49554 53.9572 0.54879
97.49884 48.17061 0.59657
99.22744 47.71237 0.57699
109.09225 49.6162 0.48469
103.04399 51.68792 0.35196
15.9008 298.27689 3.66519
19.02956 290.66157 3.76942
20.94645 308.59765 3.70494
17.93423 302.85782 3.63066
15.09915 305.08761 3.49582
-1.22635 284.13057 3.67413
7.20242 284.90931 3.68435
12.12234 299.26464 3.68155
18.87899 300.08679 3.55401
27.353 288.88933 3.74957
35.63665 300.68483 3.71397
259.5784 298.27689 2.61799
247.38838 303.82 2.48486
269.85553 309.74363 2.6655
271.04121 299.73568 2.6864
264.77396 308.27335 2.68014
254.9243 293.98902 2.57616
255.41662 289.60094 2.56735
249.46918 296.44027 2.70447
255.47975 297.83598 2.76203
253.84517 302.69457 2.54882
257.36956 293.53206 2.5088
15.5887 289.59819 3.66519
19.79645 290.51659 3.75345
22.97764 299.66356 3.70804
13.32711 293.24425 3.63803
14.90408 295.14807 3.61242
29.65411 293.93017 3.74649
17.87186 286.35282 3.78709
8.47367 295.8673 3.65943
10.91909 294.52544 3.82285
13.10513 285.74301 3.62486
16.52387 288.37531 3.70269
-133.61739 203.7364 4.71238
-126.43683 197.98891 4.79001
-133.23863 199.19781 4.66399
-126.63445 199.10392 4.70816
-136.39081 204.89797 4.5934
-142.31372 203.11735 4.67793
-126.67539 206.72393 4.73449
-137.10612 209.13613 4.72663
-131.15374 200.60816 4.74578
-130.89931 200.93491 4.63511
-127.86768 188.26521 4.68611
298.53176 174.44909 1.57079
300.10845 164.8155 1.69534
307.42595 177.08683 1.60657
289.44726 168.77167 1.66681
304.35644 178.92782 1.55326
287.15762 173.47392 1.6353
299.29464 171.31097 1.58716
301.91799 183.23729 1.59738
297.61416 162.12801 1.61399
295.39978 172.24926 1.58586
304.53686 172.98458 1.62688
119.6414 54.15669 -0.52359
117.31412 63.95939 -0.54925
111.52281 60.07457 -0.62762
116.98978 63.47083 -0.62119
126.49293 54.14549 -0.42136
118.81866 53.00581 -0.50317
116.05102 52.98709 -0.67645
109.39679 59.87085 -0.42066
117.5169 58.08804 -0.44113
118.25592 49.07299 -0.48173
122.9138 62.37915 -0.58696
271.87 54.60319 0.78539
280.84043 46.97099 0.82572
262.26907 32.86041 0.70052
270.85755 56.52183 0.9429
270.84681 59.46198 0.80681
270.46549 55.39628 0.91244
278.32011 54.43918 0.78239
280.00535 50.56202 0.84512
263.25939 52.36196 0.72085
274.89088 55.32504 0.90161
276.51372 59.52764 0.84752
-100.58869 54.15679 -0.52359
-100.30965 54.28512 -0.5042
-97.17979 55.79746 -0.50753
-105.63363 57.16294 -0.56229
-86.00788 49.95405 -0.62071
-102.28461 52.60178 -0.43488
-107.63771 48.27772 -0.61273
-103.0805 53.93861 -0.41421
-102.6521 51.12689 -0.59463
-99.54326 58.40811 -0.49231
-101.0254 54.18083 -0.55391
104.9599 54.15679 0.52359
102.82521 48.42383 0.38174
97.51984 64.30571 0.53353
93.82084 54.56997 0.50147
109.19818 46.9141 0.5145
110.90997 51.52684 0.54315
105.57212 51.74642 0.36109
114.01231 53.53914 0.5175
107.08048 53.91339 0.69477
95.40393 58.73387 0.48029
101.70794 48.41999 0.48107
161.55618 309.71679 3.14159
161.29574 306.92928 3.0988
164.89525 310.96165 3.09819
169.17987 297.87129 3.18499
164.71246 311.66814 3.13906
168.28938 315.94344 3.14425
154.60343 310.1969 3.17185
170.64862 311.05449 3.28477
158.70569 297.96815 3.17443
168.22815 324.24832 3.11788
166.03786 311.98894 3.08493
250.9047 157.95364 1.57079
252.64405 157.40978 1.55441
256.90638 151.37068 1.53077
259.24008 156.06483 1.5667
244.53407 166.97691 1.45801
247.52827 150.60173 1.44978
247.00119 159.20002 1.53109
236.13685 173.03708 1.57071
248.27697 167.83028 1.51326
258.27579 170.2055 1.57236
247.94768 161.34707 1.50214
250.9047 256.05731 1.57079
239.72932 245.51365 1.5585
246.04453 248.81697 1.56639
254.84729 258.49138 1.54105
253.19815 267.78522 1.48077
250.17629 262.55021 1.50377
251.21795 282.70864 1.55878
245.46218 249.98824 1.6321
251.04475 257.33939 1.56317
249.76625 252.39263 1.59656
249.25677 252.91194 1.65173
208.71713 306.8609 3.14159
205.25683 312.40708 3.0438
199.64329 311.79666 3.15999
222.32351 308.84557 3.20866
215.08158 298.28742 3.16693
200.17573 304.46183 3.07075
207.13802 309.31873 3.1875
208.36857 309.93803 3.2642
201.68833 309.19956 3.21423
197.49746 319.49918 3.24549
205.60766 310.06032 3.18063
85.2164 309.7169 3.14159
89.8921 309.97536 3.14203
94.2035 310.95835 3.11935
85.94972 310.24174 3.10257
86.77932 319.75172 2.99334
93.08707 292.49394 3.16656
78.55432 320.17024 3.17563
79.03872 306.21834 3.21278
87.23962 306.08558 3.14795
94.21835 320.18252 3.1958
81.73921 314.69863 3.19907
-134.46205 76.21054 4.97418
-125.93464 77.33217 4.9973
-129.87714 80.28794 5.03883
-131.55772 70.52784 4.99937
-135.80002 76.18084 4.91861
-141.09974 65.95559 4.89109
-146.02299 75.4884 4.90263
-136.05193 69.17013 5.11906
-139.71134 65.3679 4.92822
-137.67415 79.78743 4.98377
-132.03469 61.52273 4.8914
-131.05714 219.15997 4.45059
-136.83991 213.58526 4.39537
-128.72154 217.42706 4.42202
-127.2226 221.87632 4.46447
-134.43331 221.88675 4.46869
-141.15108 229.03665 4.49944
-124.35863 212.31414 4.35862
-137.0744 224.8996 4.52946
-132.73323 216.23444 4.44239
-127.91762 232.81998 4.4487
-123.37029 210.5228 4.43396
34.59945 108.07189 4.97418
33.20084 123.14524 5.12234
26.3537 108.0806 4.99901
37.58997 112.13123 5.03931
42.67217 103.92952 4.89474
24.00026 110.55898 4.94975
28.86484 102.21729 5.02441
33.13598 102.27539 4.8758
38.23191 115.63444 4.98575
24.40891 117.59875 5.05527
39.60077 116.2745 5.0415
44.21225 255.16159 4.18879
44.62619 243.61776 4.11248
47.58898 268.39891 4.102
41.46051 261.05233 4.15003
52.88726 255.32721 4.25935
53.32365 258.26838 4.24222
41.53817 258.6747 4.23604
49.66882 263.76098 4.23429
50.54212 249.86622 4.21504
39.12067 244.07176 4.12578
38.44158 258.7688 4.3068
