-131.60902 103.57766 4.71238
-129.76712 96.6921 4.68435
-138.65605 89.49863 4.62293
-121.39199 111.5699 4.64172
-141.00548 97.9784 4.63068
-132.35639 111.64376 4.65124
-125.44938 101.53252 4.60774
-145.02213 100.47116 4.60389
-136.19373 104.63237 4.76206
-135.20355 112.06232 4.57767
-124.96001 96.58079 4.67545
-132.79904 170.21936 4.71238
-129.25185 161.80021 4.85532
-126.73093 164.4756 4.74138
-119.88153 168.34898 4.74576
-136.91016 169.90632 4.67752
-140.31443 179.82355 4.77938
-139.13159 168.64814 4.48691
-127.13459 170.48665 4.76825
-129.49348 167.69735 4.76324
-127.65179 174.60449 4.67585
-123.93784 174.46825 4.72893
-38.48048 259.89369 3.14159
-36.92829 266.29912 3.19495
-32.68027 259.16259 3.21221
-36.83449 250.12784 3.18188
-36.80232 262.24045 3.1461
-25.15837 256.19871 3.02823
-48.7227 256.75097 3.19438
-48.55334 259.91714 3.06179
-34.8137 257.72429 3.13888
-39.07608 255.92923 3.14828
-37.58402 265.74514 3.15853
28.16121 261.0837 3.14159
24.17034 264.77777 3.20828
38.19186 248.27267 3.14545
36.27852 251.80887 3.11661
18.71679 260.4558 3.16193
31.21019 267.53203 3.17368
16.23616 259.96863 3.13019
37.04527 265.457 3.1808
23.36398 268.40349 3.1027
29.22713 258.91372 3.07872
28.73149 272.07553 3.10073
-27.43388 258.36194 3.14159
-25.66463 249.6595 3.14305
-32.66793 255.0253 3.18149
-29.88764 256.55794 3.09149
-38.67324 252.67633 3.00797
-21.8071 246.83725 3.1861
-31.96092 262.09706 3.04327
-31.97299 247.75165 3.07001
-30.88817 257.67903 3.17663
-26.78958 264.73704 3.14497
-12.95203 259.3378 3.01294
50.37471 257.00973 3.14159
51.47631 269.75408 3.0648
64.69231 246.96436 3.10849
47.21816 259.73875 3.20207
59.83883 252.06238 3.15281
49.57646 253.41355 3.25054
46.93975 257.87015 3.08787
54.32426 259.82685 3.22266
58.54164 251.01826 3.10855
43.99442 265.48295 3.08293
53.87609 256.47786 3.15046
