121.7234 132.40753 1.57079
119.05738 134.56014 1.58576
138.29004 130.14498 1.47345
108.13146 139.0437 1.55527
120.38204 128.8584 1.5542
128.66353 132.71306 1.55951
130.70381 139.10067 1.61188
116.85256 132.7801 1.47787
119.66347 132.78763 1.5385
114.3057 124.56237 1.47959
123.3487 152.6565 1.49879
199.532 131.05533 1.57079
198.48828 128.55294 1.49978
205.94147 137.80911 1.44959
198.15561 123.35516 1.54257
205.09471 130.00495 1.60867
195.00973 132.64877 1.65104
199.33639 129.89068 1.57635
206.10508 130.45218 1.5997
203.46671 128.81632 1.60746
206.13765 124.20302 1.57915
197.63829 126.35721 1.62763
