52.42811 179.35239 0
45.8906 179.1257 -0.02608
63.12765 187.03194 -0.01662
50.49514 175.84938 0.05427
51.83512 160.98785 -0.05397
59.52527 183.42228 -0.02064
55.0276 181.66287 0.00791
41.25829 166.27122 0.09163
59.63454 184.40981 -0.02976
59.62627 171.73884 -0.00634
61.55233 178.8317 0.08618
-115.5958 62.30359 3.92699
-129.50489 69.5978 3.95338
-115.23039 59.98438 3.91973
-124.64649 68.42536 3.86529
-105.47932 64.21871 3.94731
-112.88569 46.71987 3.89818
-106.5582 58.90614 3.84113
-126.22767 58.26981 3.9956
-129.57728 49.97522 3.97445
-113.43579 54.79061 3.92732
-116.70548 60.23722 3.92029
52.42801 167.71189 0
49.26673 169.78333 -0.05227
50.70231 162.46118 -0.02717
53.7556 161.26971 -0.06276
55.95578 157.03811 0.09139
47.61758 160.14801 -0.04785
49.84751 173.24685 -0.04102
45.27341 164.30517 0.0865
46.0247 173.88963 0.03065
41.22865 180.76595 -0.10562
49.59588 163.92592 0.00037
-115.5959 62.30369 3.92699
-109.70177 59.33253 4.00909
-120.07823 57.89243 3.95179
-105.96867 58.04123 3.96638
-109.86944 59.59866 3.87401
-132.7679 60.77517 3.98788
-119.11812 64.09941 3.89913
-114.64258 59.74481 3.72856
-108.84337 68.13882 3.91269
-108.30351 53.93849 3.8653
-94.9701 59.56751 3.88024
-298.97204 179.35222 3.14159
-299.0786 188.04785 3.17482
-304.29247 166.10899 3.15845
-297.68545 183.47218 3.17099
-292.78845 175.90993 3.06723
-303.38013 174.90888 3.00373
-305.85923 175.91999 3.13747
-285.19883 177.7445 3.03646
-299.52587 177.98487 3.10857
-297.0355 199.89714 3.21262
-300.57694 170.76664 2.92771
