-92.02034 4.0725 3.14159
-86.30155 0.32628 3.20805
-89.83808 9.26474 3.1844
-92.02322 3.4115 2.93233
-103.49188 13.80336 2.99919
-89.52119 1.51559 3.2606
-93.2147 6.86897 3.22707
-97.90538 9.19669 3.14793
-90.54692 1.79766 3.24093
-89.58731 8.77312 3.10006
-96.06259 15.7813 3.12826
115.12946 11.9306 0
111.09704 5.07845 -0.05516
112.39884 2.8458 0.02002
109.75747 3.92014 0.00414
113.87577 10.30485 0.03909
124.33974 12.73459 0.0512
113.02082 14.8156 0.07024
124.66566 8.10008 0.01143
123.04543 14.83347 0.1171
119.74249 12.74069 0.03834
106.77751 20.62073 0.10346
-103.9094 11.22129 0
-104.37039 15.18799 -0.11539
-110.82641 9.92369 -0.05458
-94.5574 10.89713 -0.01346
-98.33534 12.27481 0.06142
-99.62145 0.70792 -0.12372
-110.14683 12.42124 0.02096
-107.76272 2.00401 0.00108
-108.23048 17.40221 0.00394
-100.2609 1.17911 0.0507
-107.90539 4.9427 0.04832
-88.82889 0.4967 1.57079
-74.9873 -5.25022 1.54633
-91.19008 -4.94129 1.59425
-87.60229 -13.7685 1.56838
-98.09796 4.84473 1.57557
-87.84754 1.94342 1.56789
-79.31155 0.38871 1.69493
-86.87605 9.71984 1.6261
-100.72225 -8.85257 1.48546
-79.69808 8.88685 1.61363
-97.55571 -7.06573 1.60119
209.319 3.55329 1.57079
213.61993 10.22968 1.49693
218.47671 5.64287 1.57562
221.37026 -8.88459 1.57764
208.11016 8.11752 1.65679
208.30114 -16.15204 1.52887
210.70463 -5.34003 1.71049
202.64182 -3.50879 1.66126
212.48257 4.54633 1.46807
209.94979 -4.68204 1.62358
218.25649 0.14867 1.52608
207.7519 260.10899 1.57079
208.22179 260.25183 1.59866
206.74689 263.08501 1.46911
210.61981 255.26891 1.57833
209.07953 254.74044 1.58122
208.38324 268.22786 1.55137
201.3343 263.56287 1.5336
210.23167 257.14017 1.56077
208.61223 253.43381 1.5973
218.23841 241.81287 1.4154
217.79241 259.56613 1.71374
-195.91659 0.4967 1.57079
-189.88284 2.04943 1.55855
-182.7986 -7.31408 1.54434
-203.82091 0.15837 1.62937
-191.16175 -1.66645 1.67606
-196.1046 -1.23426 1.62259
-194.09047 -0.19148 1.54752
-201.67339 9.75249 1.6637
-201.15208 -2.355 1.63985
-211.56298 -4.74499 1.5833
-212.22735 11.18928 1.50761
102.2313 3.55329 1.57079
112.55355 -0.22756 1.55684
112.28803 4.40881 1.57031
95.13935 5.50073 1.49193
100.82201 -12.76043 1.55727
113.72735 -3.15586 1.60821
92.4047 3.22364 1.55028
99.07426 -4.99881 1.50463
108.19012 2.42986 1.5856
110.12089 -1.83395 1.62584
110.48703 0.19018 1.45778
100.6642 260.10899 1.57079
108.16159 256.53393 1.51431
88.31354 257.20159 1.66578
113.46139 251.48548 1.59439
106.51138 265.32158 1.65831
95.80478 252.99568 1.49175
99.45639 249.22408 1.47314
93.04619 258.82476 1.62519
104.84114 265.87603 1.41321
96.40666 269.85201 1.64146
96.41603 264.31938 1.69197
73.88226 -4.69318 0.26179
75.73572 -13.92046 0.1611
75.03777 -5.6601 0.18417
77.42973 0.40452 0.3191
65.05265 -10.55095 0.34186
70.64674 -5.68604 0.2065
80.40441 -0.97099 0.37497
75.27161 -4.08845 0.24483
76.44071 -7.11456 0.31669
71.06511 -3.89171 0.34505
66.48159 -5.34359 0.35599
-74.23165 -3.71098 -0.26179
-67.13514 -15.55295 -0.17791
-67.8134 -0.03998 -0.29346
-80.10369 -5.22757 -0.3462
-86.38357 -2.96498 -0.32763
-64.80903 -13.86888 -0.15534
-60.45852 1.21837 -0.23996
-71.53138 -7.97718 -0.11071
-83.35356 -3.7532 -0.23995
-77.0914 3.97315 -0.35646
-66.51748 11.56053 -0.16467
-76.71026 228.1699 4.71238
-78.68796 219.38086 4.70426
-77.74485 224.74272 4.63567
-83.71247 230.9074 4.52807
-74.51117 215.4798 4.79639
-71.97712 237.22458 4.8183
-72.66995 232.69738 4.7847
-93.81005 215.94394 4.74075
-80.50279 220.95629 4.81743
-76.73652 221.30772 4.67637
-73.75622 232.47235 4.71634
-76.71027 8.30996 4.71238
-77.43752 13.42528 4.59873
-79.69308 -0.7435 4.65974
-66.98596 11.26607 4.5916
-77.98633 8.81923 4.67127
-66.60956 2.27839 4.67789
-68.12935 8.95217 4.86178
-80.17769 11.4261 4.75776
-70.2761 21.66056 4.70919
-85.98416 6.44895 4.65673
-76.20665 8.21149 4.68468
-183.38627 230.03461 4.71238
-191.89888 225.96346 4.71925
-189.97607 239.20813 4.59264
-178.72606 218.73875 4.65143
-183.35335 248.24236 4.64096
-188.62392 235.22661 4.59441
-179.15802 233.84901 4.6825
-184.99692 229.84494 4.71346
-183.4768 226.50604 4.80803
-177.9904 230.51681 4.59096
-182.01714 238.85977 4.84837
-183.38628 10.17467 4.71238
-176.78043 13.68136 4.62978
-189.2463 11.6509 4.51496
-188.58418 3.65228 4.6452
-183.67924 9.16607 4.76241
-169.10042 21.3334 4.75192
-188.41496 -0.05849 4.7178
-185.65037 15.07192 4.67972
-185.76544 11.17954 4.81609
-182.47702 9.55788 4.68426
-185.74981 9.43462 4.67942
82.89293 279.08535 0.66593
80.19675 277.40291 0.67882
73.81905 263.38154 0.70192
88.052 283.5784 0.65333
71.15946 266.21214 0.75838
86.17649 279.6816 0.65475
85.29931 272.26496 0.67644
78.27864 288.83484 0.73196
83.12215 278.24222 0.69292
95.84858 274.77013 0.60858
59.32313 279.2396 0.71018
-83.77864 3.67265 3.80752
-79.06665 7.22166 3.66361
-79.66816 -2.79242 3.79661
-82.99617 1.53063 3.91146
-80.35451 12.38967 3.75443
-83.59536 5.64211 3.76294
-77.63401 -1.79936 3.8772
-70.22013 12.01224 3.74622
-81.68637 15.19406 3.77542
-82.81186 7.84211 3.73672
-85.10247 11.13333 3.72887
205.46171 266.23958 4.71238
207.24727 276.70276 4.6342
213.92652 272.1864 4.70131
200.1798 263.15193 4.71694
196.43854 267.89595 4.73295
217.7554 268.62746 4.66368
209.1611 266.69216 4.71008
207.24392 261.65103 4.60608
202.91053 277.14142 4.61525
196.34056 259.05706 4.72426
213.3942 262.50504 4.70669
204.4856 1.59488 4.71238
201.77391 1.94409 4.75613
206.58274 -0.60644 4.70993
195.56403 -2.33229 4.81347
200.10681 3.08805 4.74252
218.52484 6.52723 4.73061
189.85811 1.7664 4.56118
205.6005 -4.82704 4.84269
213.61108 -0.84626 4.72391
203.85679 1.94678 4.81822
197.66169 -5.44031 4.69504
-83.31359 6.6198 4.71238
-92.31013 1.9861 4.59493
-89.17682 13.3391 4.67639
-78.87846 1.71802 4.71442
-100.01054 4.35682 4.83701
-70.58567 10.63938 4.73922
-82.16122 4.25331 4.81586
-85.24068 0.28155 4.71335
-79.39195 10.33594 4.84501
-86.13549 4.08098 4.86813
-79.7465 6.8314 4.77552
104.73641 266.23959 4.71238
95.92399 269.23022 4.65011
114.62989 280.12297 4.79524
94.56381 261.8614 4.68765
98.83404 272.24821 4.68467
98.13623 258.88233 4.71476
110.71895 263.18367 4.66922
121.09132 276.44723 4.69769
103.94346 248.42256 4.75287
103.82449 266.97009 4.81908
105.41682 246.03018 4.69504
103.7603 1.59489 4.71238
108.43742 19.54804 4.71448
101.28786 -7.90535 4.70233
94.97066 -8.02419 4.70739
93.92069 -6.55312 4.75616
94.69729 -4.42251 4.72992
100.66963 4.45531 4.67976
99.99843 7.9951 4.60558
103.29125 -6.98405 4.5591
102.28413 5.8903 4.6404
101.33299 12.87798 4.6096
-184.03889 6.61981 4.71238
-180.80229 6.55101 4.67341
-189.33257 6.02167 4.69345
-185.35137 15.78956 4.75012
-187.13418 -3.00913 4.66459
-169.04586 -0.12389 4.71883
-190.07848 1.78791 4.61933
-201.1721 -11.00305 4.50899
-188.55524 1.22653 4.66981
-185.02954 8.56077 4.82938
-172.44112 0.45325 4.7335
90.63509 10.32885 0
84.53446 15.45698 0.13319
91.91109 10.26188 0.00221
85.43245 9.59944 0.02341
79.91403 10.07518 -0.01612
81.93927 5.84985 0.09555
82.54673 2.38924 -0.06065
94.83293 4.60668 -0.02442
88.5674 12.18218 -0.01122
92.42697 10.64664 -0.10242
101.1395 2.41976 -0.00959
-72.17825 -7.07619 4.71238
-78.14455 -6.13139 4.68035
-71.1646 -11.01139 4.81977
-70.62638 -9.38431 4.82018
-84.19879 -7.03347 4.60585
-66.6677 -20.63972 4.76837
-81.15878 6.97863 4.72821
-81.1692 2.68996 4.5692
-76.33159 -12.22433 4.71392
-66.52308 -15.48488 4.67346
-74.99325 -10.24768 4.87156
-213.05636 260.75271 4.71238
-209.33361 261.78575 4.68009
-217.26479 270.7754 4.7846
-238.86866 250.38828 4.79519
-208.60371 267.17563 4.65581
-214.80781 255.17166 4.79291
-210.72218 263.24967 4.68247
-213.93843 266.45444 4.6021
-214.95278 248.77949 4.74296
-210.31695 261.21544 4.79184
-215.50597 266.29031 4.75257
106.22074 -1.179 4.71238
102.8687 3.93483 4.69108
106.56442 9.79221 4.77059
96.17278 6.86274 4.53496
111.20581 -6.03478 4.59136
108.64263 -1.84836 4.67509
130.57858 -4.86984 4.68459
98.80057 12.51613 4.62912
95.95941 12.71035 4.69955
106.10695 -4.90287 4.67878
114.72315 1.53821 4.63262
71.89307 -7.0762 4.71238
75.63699 -17.64659 4.72727
62.3252 -3.88412 4.76802
78.54413 -1.06889 4.72741
72.08243 -4.94823 4.78243
72.34859 -6.19236 4.72567
80.25689 -7.89021 4.67619
74.46906 2.20093 4.72079
76.28175 -5.10263 4.81291
78.41691 -2.39166 4.71461
85.2133 -6.92591 4.69851
-68.98503 260.7527 4.71238
-64.64914 258.28114 4.74511
-73.86011 264.68445 4.71261
-63.03088 261.62887 4.64424
-66.77335 257.50626 4.64476
-62.44679 257.94993 4.81123
-69.07109 250.27599 4.78005
-68.37598 274.11854 4.88746
-72.18377 258.03077 4.76042
-79.85188 255.25861 4.60554
-61.51978 262.74821 4.63803
250.29207 -1.17901 4.71238
245.78872 1.60471 4.68143
260.07616 -20.29417 4.72304
259.89381 8.14335 4.6851
254.5976 -1.90014 4.78128
244.79386 -0.18384 4.73662
256.27986 -0.14427 4.70162
253.55312 0.67081 4.61843
243.83106 9.12885 4.70776
240.75899 -5.37879 4.56819
244.67142 3.81422 4.7522
