103.57766 131.60901 1.57079
110.15516 132.80345 1.67847
110.53755 125.78866 1.61242
96.51915 129.124 1.40122
106.35261 139.12894 1.62868
97.85221 128.12326 1.40215
114.87586 118.37407 1.54489
84.3615 139.68781 1.55418
111.57167 132.93564 1.53109
98.43501 132.38841 1.5232
109.45343 125.15136 1.63784
-38.48049 259.89369 3.14159
-37.87771 261.03664 3.14091
-33.53588 269.04858 3.06809
-36.95781 263.37552 3.14855
-38.57102 262.55525 3.11698
-23.72513 253.41799 3.24499
-30.92554 258.53254 3.09214
-25.0635 256.86159 3.12684
-39.86245 262.43058 3.07192
-43.64339 260.74778 3.13008
-43.89862 266.09382 2.99529
170.21936 132.79903 1.57079
171.02118 141.11339 1.58437
176.21832 135.07135 1.65156
167.82041 129.50015 1.63952
159.62481 117.34664 1.63807
163.84582 134.30594 1.46152
167.41399 132.64907 1.52542
173.96501 126.13106 1.64291
169.78507 118.65585 1.39464
168.67715 122.00661 1.44233
163.62638 131.36563 1.53748
28.1612 261.0837 3.14159
24.88736 270.07833 3.13025
18.45797 275.161 3.15654
37.61041 258.50886 3.20301
17.55402 279.97867 3.09832
26.39813 254.00882 3.19695
41.90693 269.39275 3.0783
21.86038 258.64154 3.04866
40.29116 265.26946 3.19545
30.8866 251.86729 3.15716
33.00008 261.41938 3.30037
-27.43389 258.36194 3.14159
-24.97577 263.75698 3.1577
-29.92076 267.68812 3.08908
-26.61007 252.39531 3.18549
-35.64335 248.63921 3.2366
-29.38728 267.67422 3.32356
-25.76445 255.39201 2.99871
-24.9731 260.08214 3.01548
-27.66639 250.76776 2.97373
-17.34683 252.43006 3.17842
-30.05215 259.56426 3.15232
50.3747 257.00973 3.14159
52.25883 259.15615 3.20981
60.1937 277.13519 3.17691
53.0311 261.21937 3.20905
46.071 249.72358 3.07625
61.59857 260.85282 3.19955
47.93166 249.8134 3.15158
54.12188 259.69359 3.301
47.35072 260.11735 3.07979
51.86994 253.22801 3.14258
57.26339 257.15128 3.14796
