-149.15729 125.95441 4.71238
-162.44355 127.77669 4.64073
-146.7441 122.9172 4.67138
-149.24132 115.23008 4.73243
-141.50309 129.03693 4.64982
-139.32431 134.68616 4.83383
-150.7043 125.24158 4.88294
-145.64775 121.95497 4.74712
-144.44651 145.15138 4.84129
-143.03156 123.99847 4.65183
-165.87772 130.47423 4.63785
145.0387 116.93579 1.57079
155.78597 107.25648 1.53647
142.75644 117.8137 1.56576
146.90591 120.90102 1.48228
151.72263 114.02613 1.5892
156.7147 112.27052 1.67052
152.22599 120.26821 1.67038
148.54746 113.48331 1.53132
147.42402 109.00833 1.65752
140.17218 109.40373 1.54788
144.60391 130.9144 1.50733
-131.189 205.6359 4.71238
-139.18441 210.06133 4.72162
-132.54073 200.28774 4.68558
-132.77456 207.07112 4.81726
-130.87016 207.22205 4.68342
-117.41291 211.31218 4.74804
-125.80399 199.24558 4.69355
-129.87798 218.71152 4.68319
-135.99668 199.24145 4.67164
-117.85586 201.55009 4.90143
-124.39985 195.22882 4.73467
-131.189 98.54819 4.71238
-135.95013 103.29691 4.6742
-123.28263 105.60722 4.705
-119.95572 75.17464 4.70047
-128.82847 97.66887 4.78274
-128.12213 101.97277 4.67361
-130.93229 82.51002 4.78647
-134.39991 107.14606 4.8659
-134.79653 102.87645 4.73014
-132.6023 100.08703 4.79174
-116.19045 86.52851 4.66963
-149.35348 204.23911 4.45058
-151.34957 201.86756 4.40459
-165.47941 192.04641 4.53619
-146.21168 204.88149 4.47736
-145.03486 214.42191 4.52741
-149.14193 203.32748 4.45905
-150.70886 196.49007 4.36786
-157.28558 193.81048 4.37306
-140.95863 198.0956 4.43653
-143.56371 204.93492 4.3618
-146.5796 214.458 4.31154
-150.21179 63.34721 4.97418
-155.23265 69.94976 4.94485
-144.27431 58.86271 5.08131
-142.23923 64.48679 4.84015
-163.54682 58.80439 4.83622
-144.92898 70.70821 4.89701
-142.42853 72.88959 4.87596
-134.48574 60.70333 4.90721
-164.01531 82.31883 5.00594
-153.72595 52.46311 4.95304
-143.14475 68.71082 4.88888
50.38657 237.74989 3.14159
49.85071 237.04155 3.1336
53.99617 224.55643 3.04892
50.83859 225.53564 3.21216
52.65432 239.03621 3.14416
35.31849 240.26339 3.21794
47.79708 233.32539 3.30751
55.3691 226.06428 3.09054
44.97958 238.75318 3.12616
49.15956 241.44256 3.10086
53.71085 227.27706 3.17824
-56.28943 239.6146 3.14159
-63.02703 230.14578 3.07255
-75.48969 239.07727 3.1254
-51.51803 235.95679 3.0108
-57.71019 229.9112 3.16023
-54.52227 244.20533 3.06635
-56.0415 244.93193 3.1073
-57.08339 241.06195 3.22106
-55.68556 226.34994 3.06743
-57.56586 225.14822 3.07634
-60.55854 239.34747 3.02775
-141.65922 103.93182 4.71238
-150.03787 110.02156 4.83334
-144.15282 108.14034 4.82375
-138.19484 99.14681 4.84678
-147.55409 109.27106 4.82782
-139.99922 101.54599 4.83292
-135.74045 104.10603 4.72996
-137.55916 102.19071 4.72956
-142.14517 105.9726 4.63015
-145.24183 105.61873 4.64279
-146.6991 100.68994 4.84027
141.09877 104.81754 1.57079
136.18312 101.00738 1.58826
157.01254 102.46645 1.52685
148.8611 110.43433 1.4398
139.133 99.34612 1.58129
134.43558 107.51985 1.5676
145.19682 99.98047 1.6856
142.56844 106.64167 1.52686
130.85757 112.17266 1.64191
149.16059 112.17809 1.58348
140.23785 109.32682 1.53045
-142.03019 202.9992 4.71238
-140.90276 207.37376 4.78058
-137.19264 210.46453 4.80346
-138.33368 217.3846 4.69299
-132.61096 201.92938 4.66724
-140.56736 207.37035 4.59082
-129.67357 204.03946 4.77872
-141.58692 202.16681 4.59639
-144.12232 206.47725 4.72629
-149.66104 208.55275 4.70932
-138.57992 191.3729 4.76516
-142.03019 102.2739 4.71238
-145.13192 102.7864 4.73907
-131.35451 101.82122 4.65588
-143.18403 103.48963 4.91362
-136.40842 101.82397 4.66908
-146.02074 110.52317 4.76409
-132.97416 100.86743 4.5521
-152.60295 106.3594 4.63347
-141.7633 106.05569 4.52567
-145.91645 97.4915 4.77882
-151.66612 103.51884 4.77306
-171.65643 140.1287 4.71238
-174.10148 144.32495 4.76089
-173.78769 139.02243 4.73903
-170.9427 135.72967 4.50175
-182.01611 135.92838 4.87214
-177.51628 137.0135 4.70544
-181.77742 152.08559 4.70332
-171.19353 141.43899 4.86016
-161.35012 146.67088 4.73639
-164.74768 149.06915 4.84009
-170.79974 125.61624 4.76976
151.19985 137.63379 1.57079
154.46411 146.50211 1.65334
161.26621 148.2366 1.66492
156.0613 135.49319 1.57117
160.36309 138.05052 1.5617
145.21122 125.93971 1.51823
155.48086 139.61377 1.57879
163.74339 137.37977 1.54111
147.78708 142.10723 1.57776
146.88855 143.6001 1.56458
162.0701 130.08622 1.51645
