-120.34552 62.99223 5.23598
-122.87926 62.96711 5.22253
-122.64237 55.27851 5.35165
-118.99249 63.63336 5.28668
-125.86936 67.58652 5.14883
-132.68914 60.43623 5.15912
-120.52919 71.07731 5.17758
-122.01464 74.83611 5.12497
-121.83908 53.42961 5.29997
-129.86994 60.69795 5.18517
-117.66437 54.74967 5.14998
-69.76024 316.59617 3.66519
-61.13659 313.46089 3.66718
-69.46415 315.50705 3.77885
-80.46519 308.52577 3.7281
-76.13544 313.96787 3.68588
-63.66195 319.39629 3.70443
-72.30323 312.30195 3.70375
-65.87583 324.15002 3.72253
-57.85401 316.17849 3.62653
-65.59416 311.33696 3.59588
-76.21784 308.3545 3.59453
61.2898 321.48664 2.61799
72.43733 316.87382 2.60019
73.34718 322.08741 2.45336
71.08608 325.64939 2.68266
73.60273 318.81294 2.81964
63.67186 323.73443 2.56111
65.03889 312.34425 2.58258
66.17729 323.56057 2.56489
66.81428 315.49877 2.61627
44.34595 325.25796 2.73766
59.89762 321.18593 2.67435
