-312.9722 -12.75677 4.71238
-320.54214 -1.82851 4.69414
-320.09911 6.11105 4.71051
-314.10088 -21.99927 4.63696
-315.51329 -22.29269 4.70013
-321.61937 -21.59942 4.60526
-320.90986 -17.7704 4.84605
-314.53798 -2.95118 4.84583
-311.07656 -14.19068 4.74943
-325.2274 -6.97017 4.68556
-311.41855 -8.15058 4.74726
-189.0355 -120.17478 0
-186.29582 -121.278 0.01241
-192.94971 -133.55223 -0.0305
-196.76787 -134.13221 0.01048
-177.6081 -119.0239 -0.12762
-186.3538 -107.90612 0.03206
-194.62273 -116.80574 0.00358
-191.57017 -115.77333 -0.05731
-182.46246 -121.043 -0.02549
-189.78101 -118.41283 0.04245
-197.74826 -118.81574 -0.06554
-322.76069 99.43172 4.18879
-337.90248 93.07349 4.1264
-326.21961 108.00884 4.20647
-316.68638 110.24889 4.17834
-330.61817 97.14451 4.12621
-323.27733 103.48079 4.26156
-317.16063 92.48887 4.24209
-333.69401 102.69926 3.99186
-320.56755 98.39044 4.15233
-317.47618 97.19229 4.16297
-322.6156 95.96872 4.18803
-322.7607 -106.11687 5.23598
-326.24231 -112.27674 5.18616
-333.38121 -113.10586 5.27949
-323.79457 -112.59515 5.41186
-316.21984 -106.61823 5.35697
-316.00503 -118.88467 5.2556
-319.81936 -105.87137 5.38574
-316.45608 -104.96693 5.27291
-321.34388 -106.95556 5.30739
-321.53439 -109.292 5.16859
-318.89308 -116.25304 5.39346
-302.97429 121.36634 3.66519
-298.78121 122.1538 3.8234
-294.11449 114.18711 3.67236
-285.40911 120.77451 3.72464
-300.153 121.3218 3.80301
-308.31377 116.79185 3.66223
-300.17928 115.62169 3.66359
-309.77876 124.82482 3.68117
-307.98503 117.08542 3.73065
-303.51152 129.4572 3.68801
-302.74712 122.79273 3.57137
-331.36845 5.73122 4.71238
-334.33875 4.31952 4.70799
-326.34336 8.22228 4.83605
-327.10373 15.44135 4.68289
-334.47923 5.9849 4.6474
-328.94451 4.66446 4.83763
-328.68308 17.37262 4.54912
-335.39939 4.86438 4.76784
-333.82305 -0.574 4.77794
-336.32189 6.17633 4.73375
-335.82877 2.55504 4.69332
-152.47799 131.74221 2.61799
-148.98266 120.45254 2.4213
-145.16386 129.81037 2.63489
-153.92621 133.17965 2.641
-156.09497 139.13082 2.58049
-152.72288 140.14702 2.68755
-153.18122 118.44551 2.48237
-156.2637 130.7034 2.63992
-153.0466 119.35666 2.63992
-147.48862 131.21786 2.61358
-150.04534 140.7417 2.5754
-304.70659 131.29572 3.92699
-304.54145 131.72136 3.91478
-312.88687 122.15717 3.93072
-314.54375 126.86149 4.03177
-303.38321 135.2338 3.98624
-311.90461 137.13532 3.87818
-310.35699 126.67356 3.92343
-304.43398 136.08585 3.95563
-293.71535 144.30406 3.93008
-302.6829 138.69363 3.68478
-309.40913 139.98208 3.94863
-157.00715 135.4579 3.14159
-167.65312 140.50009 3.0095
-157.68992 118.4103 3.1376
-160.32197 138.57769 3.18499
-179.59007 142.92162 3.12094
-159.36259 133.77646 3.00227
-164.46635 130.50076 3.11554
-164.43587 135.66954 3.17347
-152.79085 136.99774 3.12004
-156.7758 139.10967 3.14705
-158.48762 135.65477 3.27308
-218.96375 -144.59368 0
-219.43657 -149.7207 -0.04775
-217.15696 -136.17806 -0.00651
-222.06159 -149.01149 0.04321
-220.14695 -142.99595 -0.10126
-225.74916 -141.85884 -0.04845
-213.31414 -133.24402 0.05008
-209.07504 -138.425 0.03596
-213.4324 -141.19245 -0.18313
-221.47591 -139.23023 -0.08265
-231.08417 -145.39449 -0.0167
-120.86008 -144.59369 0
-112.58735 -148.19582 0.15714
-116.48894 -141.48337 -0.09013
-121.62898 -150.73059 -0.03282
-113.16024 -145.44172 -0.06828
-127.4113 -148.2234 0.13115
-119.33347 -125.76056 -0.06512
-123.68225 -142.86244 -0.08674
-115.05491 -145.70454 0.02147
-108.07464 -143.16352 -0.06599
-128.65319 -156.29287 0.01677
-241.55393 -110.03467 0
-234.6004 -117.12988 -0.04306
-229.62972 -120.48221 0.02531
-240.26969 -110.8383 0.00336
-241.12049 -114.99709 0.10201
-226.89352 -114.96294 0.0513
-247.08859 -119.15507 -0.09335
-249.5473 -109.18609 -0.00355
-238.62796 -113.93177 0.05454
-229.67653 -121.69785 -0.00314
-253.54022 -114.93245 0.0687
-118.0532 -112.89068 0
-117.83505 -119.55215 0.09623
-118.61589 -103.50235 -0.10068
-114.69787 -115.26188 -0.15869
-116.80857 -120.10574 0.081
-114.13077 -104.74542 0.1002
-107.61626 -106.86812 0.10135
-115.05145 -111.33434 -0.05042
-115.63915 -117.2425 -0.02292
-115.19741 -109.26771 -0.0795
-122.35793 -112.76482 0.04483
-211.52647 -189.11903 -0.52359
-191.15353 -203.47712 -0.50307
-210.86125 -192.63431 -0.54893
-209.4499 -189.82087 -0.45472
-201.65484 -188.05315 -0.62433
-195.62274 -186.90875 -0.70756
-203.60962 -186.82667 -0.61858
-205.90832 -183.86698 -0.61795
-215.8994 -195.38518 -0.48661
-215.83691 -175.97596 -0.64181
-204.42299 -186.73318 -0.4065
-310.19933 -85.63087 5.23598
-315.5127 -85.27577 5.135
-320.29505 -73.9583 5.31165
-317.31281 -93.4478 5.10339
-313.60473 -83.95392 5.23829
-314.56728 -84.48492 5.22767
-313.2128 -107.20533 5.07774
-312.6326 -86.26103 5.32589
-319.42619 -87.77998 5.18497
-315.46232 -76.01253 5.34005
-307.58523 -82.4806 5.31032
-82.5555 -151.69039 0.26179
-82.3152 -135.69257 0.20486
-86.39682 -139.84614 0.31392
-80.5028 -154.31322 0.24423
-77.24823 -158.61716 0.30013
-97.15002 -145.96351 0.29624
-90.68759 -161.30716 0.25802
-79.58921 -141.60611 0.13432
-88.72551 -142.14566 0.3836
-93.8112 -146.6051 0.31757
-83.89916 -135.53789 0.19285
-229.6452 -142.07758 -0.52359
-236.67923 -132.3889 -0.48506
-217.88013 -131.06646 -0.50739
-224.16321 -137.80585 -0.67771
-224.98852 -148.0887 -0.52956
-230.44254 -142.45007 -0.44055
-226.5749 -144.12641 -0.588
-233.80343 -133.76135 -0.45955
-235.31613 -141.83946 -0.37932
-224.04553 -151.0385 -0.50316
-229.47321 -139.44705 -0.49004
