-122.22671 305.85745 1.57079
-120.70944 300.02857 1.4463
-139.61099 305.82086 1.68581
-123.13188 308.95552 1.69383
-133.25679 299.696 1.55172
-113.79928 302.3687 1.54943
-122.1957 310.42279 1.65911
-131.4657 299.71415 1.62165
-122.21703 316.30688 1.58438
-124.36392 304.92185 1.52096
-119.71599 306.39117 1.51841
-111.952 309.50679 1.57079
-106.02979 306.85704 1.51763
-114.76678 293.15257 1.36375
-94.72285 320.47754 1.53757
-118.26995 307.1468 1.45114
-101.7047 315.38176 1.50838
-115.47415 312.24063 1.54838
-102.74059 304.61442 1.44367
-93.55519 315.31903 1.53119
-119.51859 310.23297 1.57811
-119.48269 311.08173 1.56212
-114.3538 295.2923 1.57079
-115.54593 307.87025 1.60899
-109.2314 286.3713 1.45807
-110.00348 295.9238 1.57235
-119.38529 293.49076 1.58023
-126.1861 292.35632 1.58049
-109.20503 291.35891 1.49517
-119.50223 288.78917 1.46807
-110.97306 292.5237 1.67348
-127.30487 304.63128 1.64043
-113.43319 287.62508 1.53693
-124.17875 314.6794 1.57079
-123.78982 307.47981 1.56997
-123.29877 312.73769 1.63032
-122.72854 310.68137 1.66533
-132.25219 317.16726 1.48127
-132.11108 312.21252 1.54733
-131.55544 312.57189 1.58557
-123.90033 320.42337 1.49959
-131.35993 308.08466 1.51918
-132.99339 318.94001 1.58503
-117.46559 320.96798 1.4581
-19.42159 343.6649 1.57079
-13.56234 341.79654 1.40142
-20.56755 350.88324 1.516
-0.19146 326.04894 1.63263
-22.58443 342.26151 1.60897
-25.2557 354.00931 1.53
-27.89443 341.33673 1.56211
-23.61831 344.49493 1.59792
-25.91386 337.79326 1.56662
-13.53288 342.71428 1.78685
-26.17006 341.73126 1.68466
114.7049 326.39466 1.57079
123.8211 315.04263 1.46448
130.42238 333.91451 1.68939
124.41476 335.66755 1.46022
113.75286 324.7882 1.46339
110.05739 318.93943 1.53195
111.70249 328.32435 1.59724
110.06009 320.03365 1.63038
113.54502 349.79569 1.64738
114.42067 323.37332 1.6101
127.08038 328.24845 1.49315
-105.15503 326.39465 1.57079
-101.06912 330.69061 1.64594
-91.53428 331.4569 1.60118
-121.00838 338.30393 1.62411
-100.03321 336.98191 1.56145
-105.15133 329.13122 1.48477
-103.91277 318.39198 1.55622
-99.13041 317.7697 1.54851
-100.1767 328.00687 1.47035
-85.24715 335.98971 1.6048
-111.89235 318.1362 1.69432
-316.66101 51.46288 2.47565
-317.12782 56.52062 2.50225
-314.67446 51.31415 2.52577
-323.9525 51.24636 2.49666
-317.89976 50.36733 2.54391
-322.12823 48.38802 2.37835
-306.84777 42.32126 2.40773
-326.22764 47.91796 2.39812
-325.50449 34.54747 2.4708
-318.85788 59.11385 2.55452
-316.04152 49.58505 2.60216
153.8737 225.0312 1.57079
150.7221 230.41433 1.6027
157.00976 236.00975 1.53701
150.49708 220.74113 1.54408
155.87481 238.00839 1.55927
150.24922 237.6939 1.57475
157.82618 218.39757 1.50621
156.23781 224.09492 1.63866
159.00132 219.45087 1.52334
152.03313 220.61973 1.68359
150.04202 219.70275 1.4994
21.3889 -270.021 3.92699
9.63197 -264.60302 3.91501
23.30548 -271.2971 3.85237
18.96809 -273.4047 3.9523
17.32231 -281.804 4.0237
29.3663 -263.73054 3.99662
15.05331 -260.44718 3.95355
32.82957 -269.75461 3.85543
12.3606 -258.28252 3.8551
29.57985 -272.39932 3.9069
21.99494 -258.77318 3.96666
-243.25579 -269.0449 3.92699
-246.32637 -270.30368 3.82666
-247.09638 -281.36389 3.8032
-249.93152 -257.06251 3.99863
-252.43008 -280.04102 3.90103
-247.64847 -282.76725 3.90295
-248.03509 -274.33258 4.08602
-243.30785 -263.68248 3.96428
-236.84391 -264.94751 3.8761
-248.59684 -266.80087 3.93804
-241.05834 -278.46041 4.00037
-238.23089 18.75429 3.92699
-236.20291 28.55317 3.91051
-234.79953 13.45617 4.00282
-238.67945 12.70551 4.04845
-232.55055 18.03327 3.91357
-242.82034 24.62749 3.98717
-240.36415 14.02471 3.89643
-236.51352 20.25468 3.8556
-226.60918 20.17466 3.88116
-245.58559 26.42401 3.93222
-227.11478 15.95528 3.96441
-113.21809 304.8872 1.57079
-111.03034 306.60517 1.56765
-108.23095 307.26192 1.51723
-111.47854 299.17186 1.40329
-113.05382 313.04891 1.57113
-105.8034 303.68245 1.66195
-107.15797 314.05562 1.58427
-107.70093 323.51865 1.5782
-112.24948 306.76635 1.63668
-109.6111 300.2404 1.54751
-113.13058 302.97904 1.54368
-108.97292 180.05729 1.57079
-113.39738 175.6956 1.5184
-108.61515 173.3554 1.63695
-108.31528 191.80958 1.55434
-107.89325 190.95372 1.45214
-103.99485 179.80427 1.64945
-104.26367 182.67693 1.52023
-111.30978 180.1989 1.52906
-108.28426 165.74318 1.57012
-120.76678 175.02413 1.71415
-107.22296 173.16267 1.51901
148.21267 319.6328 1.57079
163.13224 315.35044 1.53179
140.12064 321.60257 1.61012
137.60088 329.00913 1.59246
159.57824 329.62513 1.55743
151.02238 322.58795 1.67376
149.22799 336.35269 1.61839
142.55173 315.6922 1.58646
143.39882 319.74276 1.61356
151.91445 330.99865 1.59731
152.75485 314.58903 1.6574
-85.7559 -296.9465 3.92699
-86.61227 -296.1707 3.80967
-83.14886 -295.36204 3.89861
-87.48225 -291.82723 3.9923
-83.70887 -303.00324 3.87577
-89.06504 -299.22259 3.95162
-83.82739 -289.758 3.90817
-81.44789 -296.12421 3.87908
-78.61054 -293.67716 3.99731
-82.37754 -304.26357 3.86472
-91.26152 -306.39717 3.82489
-236.80359 5.14852 3.92699
-231.10333 10.58751 3.86354
-233.29098 1.61805 3.88584
-234.02085 8.48318 3.99182
-231.46652 6.94756 3.91262
-235.82491 2.553 3.78515
-232.49034 9.89915 3.89429
-229.20375 -0.9382 3.96586
-229.68716 12.31673 3.94723
-241.24947 4.21158 3.89022
-243.18908 0.92645 3.77645
-151.09969 -154.7553 3.14159
-171.58228 -158.19816 3.21909
-140.53043 -148.37783 3.14503
-148.69768 -157.99397 3.14389
-158.65182 -153.53271 3.05607
-135.99289 -156.87626 3.05935
-147.98445 -155.84638 3.21645
-144.05433 -153.09008 3.10616
-152.1145 -154.68017 3.11008
-152.05685 -155.77062 3.099
-155.50182 -160.1443 3.0459
