-119.49388 180.0491 4.71238
-103.14938 179.36895 4.71816
-108.0746 181.68364 4.62173
-124.30468 174.24868 4.68876
-116.74351 171.13371 4.60291
-121.15644 169.54666 4.70117
-110.4339 183.33424 4.6997
-106.43536 175.79686 4.75609
-136.333 187.37112 4.84483
-110.80961 182.29431 4.59924
-128.01755 171.75625 4.67546
-11.753 187.8034 0
-16.29981 182.78027 0.11364
-6.03837 183.01389 -0.12469
-22.37944 184.9068 0.00233
-20.28569 187.68283 -0.0976
-3.86035 187.74768 -0.03945
-12.3143 188.59937 0.01178
-3.41943 180.10451 -0.02106
-11.42222 180.66802 0.00171
1.0979 193.32342 -0.00275
-11.75906 191.12501 0.06636
-143.19157 164.76561 4.71238
-138.09667 177.49267 4.75463
-144.78502 152.88347 4.75872
-120.91125 152.53267 4.68097
-136.8625 165.67178 4.74325
-151.65579 148.27682 4.72767
-143.83841 170.40878 4.74877
-136.38277 158.8433 4.61271
-134.88344 157.35198 4.67589
-147.59866 176.79152 4.67629
-144.62978 164.37188 4.74876
-139.01251 192.03531 4.71238
-145.524 187.69347 4.58164
-154.96982 174.03786 4.79486
-144.85993 188.50395 4.6993
-146.35463 195.28103 4.67951
-140.16973 205.60869 4.65727
-138.29393 201.0694 4.60306
-148.0121 194.35171 4.80415
-138.03289 184.68633 4.64347
-146.40872 189.189 4.64008
-146.12606 193.36453 4.8092
