92.04046 256.72635 1.57079
88.82548 248.7477 1.47219
89.25778 259.31538 1.58549
96.24136 258.96753 1.57031
97.10273 258.97453 1.68567
102.64324 264.53442 1.68096
105.43242 252.51011 1.60104
85.26135 259.57112 1.51381
92.58962 262.52324 1.46829
87.64591 250.28823 1.66375
95.87308 253.19359 1.47542
158.68216 257.91637 1.57079
157.5535 258.36472 1.50099
162.44029 255.84195 1.55461
152.79419 258.60995 1.52027
147.99331 243.29965 1.61815
159.06254 251.15784 1.59328
160.21727 257.70248 1.69907
151.07513 265.05273 1.59483
164.70352 254.66989 1.53165
157.34969 258.11248 1.69785
157.60438 266.90937 1.5545
109.7928 247.53699 1.57079
124.85574 242.39504 1.59257
108.92807 246.03937 1.62736
114.87826 247.20013 1.45056
116.99605 249.5895 1.5866
118.10131 251.0739 1.57847
109.61908 241.00797 1.55155
118.12019 255.95056 1.55542
113.54878 249.05862 1.62913
106.96361 245.79244 1.53573
112.55925 253.77449 1.64745
187.6014 246.18479 1.57079
186.21802 235.70267 1.50763
180.08699 254.09535 1.5764
184.37857 244.40759 1.551
189.19885 248.79142 1.61517
184.08288 239.38666 1.65763
179.05042 243.64363 1.53131
187.12988 241.1871 1.60075
185.01564 245.90429 1.54222
187.93205 250.971 1.5891
181.90117 251.03437 1.41629
