-146.68612 304.33851 4.71238
-139.03298 297.84628 4.74076
-144.51926 311.05674 4.83693
-158.37213 317.82826 4.71932
-143.36477 314.11133 4.71169
-135.04327 297.60938 4.70482
-148.17749 295.23029 4.75828
-143.6778 310.64948 4.7475
-156.11877 309.26702 4.75941
-170.03348 308.94562 4.69144
-146.51419 308.51223 4.78233
-145.32699 44.73861 4.71238
-145.32905 49.55605 4.63789
-142.33139 47.38868 4.7537
-130.92214 48.73317 4.72
-142.37494 36.92806 4.8329
-146.94683 39.73617 4.61827
-138.52729 36.57884 4.73313
-144.19166 42.86064 4.76372
-145.70865 63.62393 4.83238
-143.69983 40.84231 4.84767
-145.35094 44.24511 4.62342
-242.86419 64.99861 4.71238
-244.42259 63.0202 4.58022
-235.05869 80.73902 4.66126
-237.79656 70.69153 4.74935
-242.1923 68.65098 4.69751
-246.18485 54.30545 4.73151
-237.86378 72.17864 4.62282
-243.24837 62.80201 4.70579
-238.73637 69.88689 4.89561
-246.84721 52.29911 4.80082
-253.16748 73.20614 4.6384
-143.51017 293.36791 4.71238
-134.60152 295.89727 4.76708
-149.83837 296.23302 4.71185
-129.94744 292.65513 4.75864
-134.93156 293.06321 4.57911
-137.65343 280.95287 4.67101
-141.93531 300.51336 4.69864
-154.09833 290.10023 4.77812
-138.89853 284.66676 4.72821
-134.42472 286.26525 4.72262
-160.07528 301.0199 4.72026
17.19292 305.89759 4.71238
18.44999 302.0613 4.61722
17.48099 311.16523 4.83155
23.77872 318.29644 4.74961
7.81796 301.72601 4.62777
10.79165 304.83329 4.79867
23.15086 300.95139 4.63232
11.06388 309.70221 4.67391
22.0659 310.20719 4.70924
13.99603 320.56589 4.72503
15.38593 298.90462 4.68357
-280.95497 302.84102 4.71238
-284.59765 304.50685 4.7385
-273.76346 324.7786 4.72883
-281.04212 300.80229 4.67936
-288.92722 300.65574 4.72694
-285.51927 303.97337 4.68938
-268.96232 306.23652 4.78537
-270.06385 297.82209 4.72573
-266.37495 308.21912 4.74259
-286.61404 304.45255 4.77756
-275.5227 305.39304 4.75193
-279.38789 46.28532 4.71238
-284.1873 40.99778 4.68285
-281.65195 43.75959 4.73037
-280.2266 47.93288 4.75824
-282.0234 48.60347 4.78442
-287.9768 43.99665 4.73328
-275.36396 51.27216 4.62875
-292.21434 44.694 4.77755
-273.88519 48.36709 4.80509
-270.05966 60.80787 4.72383
-281.33753 52.33848 4.68436
-26.76 370.5743 1.45133
-39.49815 377.31202 1.52906
-22.89615 368.44128 1.3207
-35.95456 373.63795 1.44457
-29.92005 376.67601 1.47049
-37.60264 372.80771 1.47784
-30.71655 371.42057 1.29129
-28.8407 376.29156 1.47711
-27.66349 359.59099 1.52033
-33.54299 372.27491 1.43378
-24.33128 380.82298 1.45498
-172.60317 321.58561 4.71238
-180.49908 323.39354 4.66024
-173.14166 334.51969 4.78278
-160.17445 320.53549 4.61802
-165.1627 322.46596 4.77284
-170.7682 323.90638 4.82645
-175.06322 321.53552 4.68473
-180.63582 316.4656 4.77906
-169.24587 327.25891 4.72784
-175.62198 320.75794 4.77645
-166.46958 328.20163 4.71351
-136.9848 332.32469 0
-153.06442 333.04576 -0.01566
-131.55253 327.23579 -0.07341
-144.11262 327.74977 0.10957
-132.77624 327.51764 0.10034
-131.82201 330.93732 -0.02511
-128.37281 330.93077 -0.09742
-126.52008 331.28147 0.07538
-153.56023 327.77006 -0.05982
-141.1054 334.91815 -0.01638
-129.59266 327.77382 0.03417
127.65989 331.3486 0
129.36025 324.58095 0.02912
130.33536 323.9269 0.09159
122.6426 326.16783 -0.15787
121.44986 334.23886 -0.09104
117.96755 327.67412 0.01263
123.99838 326.01945 0.1599
127.13046 330.52678 0.02822
121.92371 331.35712 -0.09558
124.93845 322.24009 0.21281
136.70318 332.68136 0.16358
122.63499 43.54939 0
128.40793 51.65146 0.01228
121.72738 46.90355 -0.00835
120.5822 41.4273 0.18109
118.40251 46.014 -0.04898
124.66683 43.38805 0.06818
128.68315 56.33654 -0.0777
130.0361 56.25687 -0.06275
131.09777 52.64218 -0.09216
132.34212 49.85843 -0.06054
122.27503 43.62144 -0.05827
136.33109 169.9901 0
144.53807 179.43828 0.15092
130.08365 171.56628 0.12518
141.04388 158.43471 0.01616
131.76272 161.00302 0.05733
129.40527 167.08715 -0.04694
133.25155 171.88555 -0.00259
141.98395 176.80231 -0.03937
128.58905 171.32016 0.02055
145.36018 165.76655 -0.08162
134.47691 177.50709 0.05334
-131.4978 29.11197 0
-131.63885 36.57137 -0.07552
-146.60586 38.20372 -0.06402
-122.36979 35.06549 0.07623
-130.26051 33.43407 -0.0957
-129.7642 26.19237 -0.00571
-132.58493 27.6856 0.00639
-140.48733 27.95096 -0.03261
-133.12043 21.49896 -0.06924
-130.94627 23.99466 -0.02331
-137.38418 28.0966 -0.0163
130.4339 348.3891 0
124.21369 339.15205 0.13442
132.26409 358.78751 -0.04118
130.91209 352.62848 0.0597
129.92218 352.7929 0.01614
131.83998 339.49815 0.05526
121.2235 348.50065 0.03604
122.79043 339.96911 0.14341
127.37088 351.91791 0.05911
128.18274 341.01535 -0.0567
133.2377 336.6392 0.01341
-280.72282 52.53152 4.71238
-277.17026 50.44669 4.715
-281.99516 51.93972 4.8023
-285.47459 62.6794 4.69105
-278.55511 55.4275 4.71133
-287.04231 36.1409 4.56303
-288.25783 45.88101 4.60316
-277.38748 50.49481 4.78104
-282.9709 49.5889 4.68489
-277.49171 57.58732 4.76706
-273.20641 44.2329 4.73438
-5.6222 312.3489 4.71238
2.18042 315.19853 4.57552
-11.99565 329.0768 4.60766
-2.90806 308.00938 4.78883
-21.50932 318.15631 4.71395
-0.64973 313.1402 4.71591
0.26291 307.78388 4.72828
3.68967 309.62611 4.72575
-11.11199 314.54272 4.69806
-10.11923 314.25514 4.72278
-6.9908 312.97022 4.87507
