162.06609 -3.65391 0
143.0736 -8.52473 0.09192
161.53618 -2.69077 0.07239
167.54507 0.93051 0.00013
166.73666 -5.16037 -0.01396
155.61681 7.62792 -0.04728
177.2299 -8.66922 -0.00906
156.30596 6.25136 0.01671
154.08853 -19.51023 -0.00099
166.75458 6.1418 -0.02111
159.88575 -0.36205 -0.06651
163.2877 0.28438 0
159.39175 -7.78582 -0.02223
153.07335 -9.77895 -0.06301
165.33403 10.00113 -0.04068
158.87803 -2.74378 0.00294
171.96225 -11.69619 -0.07164
168.24463 14.33806 0.01455
160.52841 -7.00747 0.0803
167.61339 -7.09475 0.13667
164.20856 6.54773 -0.01834
174.37501 -7.72839 -0.05894
-154.86549 8.65477 3.14159
-157.15879 12.89776 2.99169
-165.90932 12.67179 3.14039
-152.30862 0.58771 3.06704
-154.62113 14.80878 3.23039
-160.65976 -5.71487 3.03866
-172.2562 17.60992 3.1478
-173.93804 7.07405 3.05674
-154.35274 0.0127 3.20212
-157.77202 12.68801 3.29851
-152.89791 6.29261 3.22865
170.0249 6.17678 0
171.62294 -10.28118 0.17711
162.30138 0.83923 0.00647
166.66219 3.35827 0.00191
171.95157 19.11336 0.01796
186.0834 19.68561 -0.06093
178.27058 11.1536 -0.02253
164.64804 5.58884 -0.05842
171.60427 7.59066 0.17518
171.24202 8.06131 0.00114
183.2473 4.04198 -0.03177
215.61939 -8.36221 0
219.18672 -10.42722 0.09626
205.9419 -9.03063 0.0362
215.8811 -11.68164 0.15084
226.14469 7.17636 0.08371
216.68616 -19.98207 0.07031
217.69006 -12.81793 -0.09569
214.08303 -11.30514 0.09907
211.17134 -4.59235 -0.0139
200.23546 -2.54561 -0.04388
211.88942 -2.70348 -0.00861
160.60335 24.26488 0
163.31061 34.00513 0.14764
167.63485 12.8189 0.10973
165.52175 20.73779 0.01194
158.97643 28.12927 0.16655
166.87944 12.31381 0.01934
159.19371 17.27844 0.00538
162.1868 17.43572 -0.01158
149.11597 15.43148 -0.13116
156.15719 30.07512 -0.03543
151.0236 16.90099 -0.00619
1.03237 144.84779 1.57079
-6.86673 146.53136 1.57579
6.45525 143.0568 1.51734
-7.01384 128.36881 1.56824
-0.2261 151.13336 1.6526
8.05177 147.20051 1.5679
-6.2126 151.29722 1.5382
-4.1983 143.09748 1.47218
3.76268 133.58901 1.68807
2.76739 135.06095 1.56859
-0.91438 143.1846 1.51579
