284.55789 171.14647 1.57079
296.63067 165.11578 1.56289
275.5635 178.81252 1.3726
279.69351 172.55246 1.60305
293.072 179.87656 1.56714
281.18045 181.75533 1.55066
280.33753 163.16659 1.59001
297.35752 167.7408 1.47442
287.13662 176.58915 1.44916
286.28402 174.87581 1.48953
277.53932 167.83244 1.52507
142.49973 299.43114 3.14159
133.5555 302.17765 3.14242
136.70123 303.55804 3.25072
161.38782 299.96208 3.21655
143.8998 304.3399 3.10851
145.33097 281.94115 3.19821
134.28763 308.78154 3.07977
139.31621 291.82381 3.08459
148.77749 298.12705 3.10207
151.63305 300.82223 3.12142
146.58689 306.45857 3.01499
289.03537 180.37119 1.57079
288.17956 184.78527 1.76964
290.88321 172.18881 1.64351
290.69744 179.72076 1.59099
288.6185 183.58455 1.67269
280.96879 183.91557 1.70479
295.20148 169.67114 1.46948
280.90229 165.0888 1.60855
280.92709 175.03699 1.44184
281.90919 178.34072 1.74315
285.6623 178.73424 1.55216
150.36874 47.21679 0
155.43026 46.06745 -0.05382
141.09516 33.13087 -0.00119
167.57557 52.77534 -0.04957
140.74196 53.66449 -0.05354
153.05838 51.57244 0.02326
147.12148 47.04604 0.10286
144.5846 55.8869 -0.05362
160.14294 41.10599 0.02847
152.05486 45.85811 0.03194
150.77814 49.10865 -0.00653
-144.00399 297.75757 3.14159
-149.61167 302.96603 3.1814
-144.2848 289.15516 2.94409
-151.08819 295.31044 3.11686
-144.02649 301.19391 3.1501
-150.13444 290.82599 3.07928
-142.1588 306.91747 3.12315
-148.20637 291.14158 3.11189
-151.18931 296.8797 3.04825
-153.15969 312.4992 3.1705
-157.2927 323.093 3.134
-159.67539 47.2167 0
-155.88116 50.69786 -0.03205
-155.10596 72.63278 0.03177
-161.11036 46.65284 -0.02587
-151.74317 63.29275 0.01982
-159.82193 50.75157 0.04082
-159 35.9599 0.07459
-151.9089 59.2535 0.04696
-161.226 56.74114 0.13861
-152.05827 46.71147 -0.02425
-169.5542 54.25581 0.03114
-128.95609 209.15279 4.71238
-123.17185 219.66714 4.69998
-138.30403 192.12573 4.72694
-125.56116 220.86212 4.84112
-137.11947 199.91236 4.77843
-115.89303 206.81896 4.78395
-119.81265 211.66426 4.79924
-138.16402 211.04614 4.69678
-140.15814 207.317 4.72707
-133.98715 208.87283 4.68642
-138.07955 207.61859 4.58545
129.0439 207.03349 1.57079
124.70643 212.87561 1.38319
130.2046 195.21033 1.49195
117.36331 200.88056 1.63398
130.95199 209.23108 1.56574
141.70951 200.49049 1.45955
132.55872 208.48417 1.55828
135.03957 217.76905 1.48764
134.87762 208.15758 1.50621
119.56287 211.35011 1.4847
124.56235 192.28022 1.61511
151.8244 47.21679 0
156.22373 44.41216 0.07832
153.35419 41.38732 0.07788
154.96905 37.34997 0.03582
154.95857 50.26784 -0.0776
157.39287 51.3138 0.03465
151.5527 52.9612 0.01198
161.4123 35.37607 0.09214
155.31964 55.21477 -0.02583
138.18721 54.44332 0.01455
166.24248 52.01437 0.01472
162.1979 47.21675 0
163.69727 43.44296 -0.13882
149.05377 43.66831 -0.13023
173.50376 50.62261 0.13649
157.38965 41.16307 -0.10218
160.50667 47.39469 -0.09053
170.08229 37.13792 0.0456
160.26579 57.50164 0.1107
171.00488 47.33736 -0.05561
172.1687 57.25588 0.01428
154.0341 53.49631 0.06327
161.4623 305.21691 3.14159
160.11691 299.82469 3.04934
155.24791 292.29107 3.08129
150.47945 308.69234 3.14767
153.67974 290.80766 3.24777
167.67934 295.16207 3.16651
164.38602 298.9254 3.11433
165.88721 302.21139 3.04937
174.26624 299.34399 3.13738
155.17158 312.56126 3.10116
155.78282 300.50209 3.06625
145.1349 305.21686 3.14159
164.50995 299.91134 3.10229
152.77492 298.30647 3.08026
149.06697 303.12473 3.22201
144.8671 302.126 3.1661
149.57552 308.18681 3.32964
146.94524 310.30776 3.04076
139.6432 296.17386 3.03
140.24363 305.81932 3.08211
127.3448 298.4476 3.03789
151.88057 304.44689 3.17213
283.1039 175.01025 1.57079
281.55061 176.35927 1.43996
292.96226 181.51317 1.70181
287.22217 174.75647 1.50696
277.23539 173.38077 1.49147
284.0581 178.3101 1.62856
280.45435 170.66596 1.50579
281.44273 182.5389 1.63338
280.017 176.05689 1.48331
283.973 167.97737 1.57733
276.43785 172.8585 1.57987
-2.30638 355.2168 3.14159
-0.74305 343.58128 3.17929
1.88298 362.79734 3.10198
-18.95505 352.31064 3.1325
0.43443 355.4619 3.04511
3.62921 346.58461 3.12509
0.4981 364.5471 3.05942
1.76086 364.68565 3.07861
0.84721 348.84872 3.15753
-11.3363 355.04855 3.22497
-1.01258 344.01255 3.09408
1.7773 305.21679 3.14159
1.71669 306.02349 3.20464
-1.19325 310.11333 3.02356
-6.62674 311.31407 3.19646
0.37685 313.05457 3.20658
-2.08997 315.16459 3.16047
1.83098 312.04112 3.16318
2.46626 307.0197 3.17186
-1.75457 309.08775 3.15217
-0.19322 311.06428 3.31787
-9.69516 304.71004 3.26133
166.46111 55.89539 0
170.92876 63.60228 -0.00485
169.78167 53.38171 -0.09733
163.02242 49.88852 0.06959
158.80841 63.42022 0.02171
173.01424 60.46382 0.1433
177.5163 58.59046 -0.02293
173.10111 50.12333 -0.03788
166.04469 47.60752 0.10505
173.25485 50.32281 -0.05786
166.38102 60.23743 0.14919
-86.22739 261.2537 3.92699
-79.30078 261.08405 3.93597
-69.83789 259.08383 3.9273
-76.15367 248.89887 3.76098
-91.7374 262.2056 3.89141
-93.17733 275.62569 4.09033
-83.32415 268.37634 4.10981
-88.65533 252.25093 3.94168
-76.0113 267.80007 3.93358
-90.19527 243.08499 3.88006
-93.99432 257.53173 4.01426
184.9732 305.21679 3.14159
186.63698 303.34955 3.14859
188.00737 299.11655 3.15171
181.46975 308.09594 3.11533
199.13852 307.77039 3.22506
177.41712 303.40313 3.05952
190.0273 297.30221 3.22035
179.70806 305.11186 3.10961
193.38384 305.40237 3.09532
189.05459 304.6955 3.17379
193.16355 298.40694 3.10912
-128.95599 209.15289 4.71238
-132.08437 207.59794 4.72103
-128.82802 206.24564 4.79856
-133.5563 213.54388 4.59189
-124.23968 205.12398 4.73541
-139.01211 210.81865 4.76834
-120.49144 210.42281 4.57871
-126.3162 224.21981 4.70145
-133.88818 212.84048 4.74279
-132.088 213.55605 4.78434
-127.05079 210.47288 4.8371
129.044 207.03369 1.57079
127.03799 200.97021 1.56318
122.5714 193.46674 1.70108
146.6995 205.12697 1.55466
128.29862 205.46578 1.49884
121.2054 211.33926 1.57776
129.8298 208.00606 1.80076
126.09154 211.25607 1.61306
133.24743 221.18332 1.63286
126.53894 208.28405 1.71776
124.59645 202.56516 1.5303
-127.81369 163.1867 4.71238
-118.84239 168.48668 4.53885
-119.85424 165.05103 4.57906
-133.72801 175.5743 4.71487
-122.83122 164.18998 4.76631
-128.25338 170.43936 4.65343
-123.54652 145.50309 4.71242
-126.12197 159.79942 4.73213
-116.25821 160.80428 4.70408
-124.24027 174.96234 4.71841
-126.97917 167.91568 4.76979
172.74632 47.21679 0
176.63588 55.22223 0.00624
177.25122 49.56798 -0.07495
176.74664 40.6615 -0.02377
172.54374 42.49985 0.02245
163.57271 36.47033 -0.04824
173.82101 50.71856 -0.05362
180.9229 53.02309 0.04168
170.79557 50.7782 -0.11246
177.73908 44.24562 0.082
159.6368 44.84846 0.06463
-8.73979 212.90117 4.71238
3.41346 208.58597 4.74409
-9.07294 211.74539 4.65811
-1.08737 216.63513 4.8408
-3.48599 215.77744 4.65964
-7.71941 213.96488 4.6577
4.85822 194.20854 4.79649
-5.61517 216.84678 4.59785
-3.26938 218.51192 4.68855
-13.02725 219.69412 4.70816
-11.45218 203.30202 4.63698
164.03726 47.21675 0
168.21704 47.99701 0.05166
160.34727 55.21872 -0.04326
152.09671 44.27747 -0.02962
171.37293 45.56043 -0.0864
179.8367 60.66853 -0.11747
144.01318 48.00227 0.09145
172.17191 50.56754 -0.04088
163.74855 48.13386 -0.05919
155.78533 49.91581 -0.00978
164.49819 43.58549 0.11173
297.03726 174.76098 1.57079
295.14686 171.48497 1.47675
293.07196 177.89777 1.54348
298.06418 169.25015 1.51713
293.73184 177.68557 1.6911
299.888 169.13189 1.55409
302.00531 173.52743 1.65103
293.34812 169.17825 1.59801
302.95807 184.3113 1.54328
300.64436 170.26172 1.64337
294.87622 170.62485 1.58981
13.0295 305.21679 3.14159
19.17233 316.02663 3.15285
6.73215 309.39312 3.16183
17.40181 306.80397 3.13815
7.67284 302.21682 3.07602
21.78223 304.18976 3.11834
9.9217 308.06226 3.11232
5.10038 305.71214 3.18778
-0.26331 304.97399 3.00903
17.35929 298.68218 3.16075
27.96577 317.80811 3.09085
-140.47699 169.1022 4.71238
-142.98692 175.02517 4.70074
-130.3414 170.46295 4.65136
-141.81859 175.54417 4.5927
-154.616 171.94691 4.59502
-144.20467 174.74411 4.78763
-138.99911 179.85681 4.78955
-146.6615 167.62039 4.70998
-149.96579 172.58029 4.68821
-144.80161 169.29676 4.65546
-131.12653 166.89461 4.78279
140.013 163.83899 1.57079
139.32084 170.1664 1.55792
144.76879 160.72099 1.6217
139.48183 175.63418 1.52132
145.2512 174.55407 1.4429
128.28688 156.27027 1.55455
149.98851 165.7749 1.61439
152.22785 165.59406 1.42652
156.86809 158.07339 1.61232
134.43454 156.73733 1.69146
135.47166 169.49476 1.58687
196.1474 299.12299 3.14159
190.38901 297.08444 3.26067
193.52396 293.46709 3.24256
199.65816 312.57378 3.14681
191.75512 306.94536 3.23839
192.15821 293.57493 3.09174
196.48815 299.93807 3.17954
187.72832 304.10887 3.18543
201.01963 297.90107 3.14651
191.57521 299.32441 3.17569
208.27453 297.54448 3.00543
