96.62494 251.80909 2.61799
89.18652 261.30346 2.58715
90.87408 249.5979 2.52463
88.52663 242.54518 2.63787
102.00109 254.67517 2.70087
81.67714 246.0833 2.58607
91.30614 247.63394 2.56073
96.14223 251.55042 2.58028
89.16242 246.45444 2.71778
90.97076 253.7071 2.62848
110.35219 258.16064 2.57594
134.12429 280.96229 2.09439
144.42852 270.05936 1.9683
131.57748 275.94494 2.07633
143.74262 275.29294 2.02365
132.90575 277.71726 2.03065
135.96954 287.27817 2.18501
130.17867 288.36943 2.03372
129.88628 286.92842 2.03029
132.61348 282.84644 2.07134
140.16327 282.5359 2.09457
152.44191 295.79726 1.95701
134.12429 37.28469 1.04719
135.92484 34.35957 1.09973
149.47347 37.36553 0.99965
133.55207 37.93599 1.08302
134.34264 50.57437 1.22526
130.44949 37.64477 1.18653
137.32192 33.59003 1.10412
125.83289 46.61316 1.07609
129.26578 37.996 0.89283
134.23795 29.48225 1.11118
142.34405 38.82915 1.18415
54.1555 262.49999 3.14159
60.09855 269.01454 3.08454
42.44025 278.94088 3.18683
58.36752 256.85461 3.15897
50.89196 269.77818 3.28266
57.72028 261.29742 3.08184
45.56224 275.44331 3.00091
51.40115 261.75154 3.18567
51.9215 271.06209 3.10269
51.57971 258.94364 3.09832
61.3998 267.03687 3.15325
-52.93219 262.5 3.14159
-56.4259 259.74212 3.21292
-44.05147 258.10932 3.16394
-52.14207 263.49122 3.12316
-49.35679 253.35456 3.0316
-58.02577 256.54638 3.14265
-47.04867 278.22477 3.13129
-60.62607 260.61935 2.98042
-59.29221 256.99142 3.18171
-47.05246 261.63568 3.17491
-39.51113 270.98552 3.04258
-81.68406 119.1962 4.71238
-74.05968 111.87786 4.73073
-85.93357 113.09336 4.66878
-76.0799 114.16031 4.70563
-76.62674 114.05584 4.75032
-82.8469 119.13623 4.69112
-87.2464 120.2879 4.76396
-87.75339 101.85713 4.70815
-77.25601 117.45019 4.72492
-84.40043 110.89822 4.66985
-93.33285 120.49987 4.6009
-188.36008 121.06091 4.71238
-185.58291 127.89752 4.63046
-183.44762 111.51716 4.83969
-188.90457 125.86252 4.85483
-199.28562 121.12338 4.73911
-204.21157 128.79777 4.66737
-192.24692 120.60817 4.79453
-190.99097 133.42696 4.78482
-184.11857 117.5314 4.80017
-191.05414 127.62771 4.63843
-187.63653 119.76279 4.76517
-122.37129 160.4663 4.71238
-122.54419 151.60472 4.58589
-128.10552 149.79305 4.66342
-126.26327 154.28074 4.66965
-135.68561 166.32376 4.63541
-129.00368 155.17672 4.66076
-125.4604 162.51858 4.72438
-121.79843 169.70144 4.69511
-119.36113 154.38734 4.64617
-117.80311 159.0031 4.71485
-132.11133 154.68931 4.64724
122.0107 96.25232 1.57079
121.82677 100.90714 1.53925
124.84638 100.28347 1.44254
133.12666 92.40731 1.47623
125.12116 103.84458 1.67148
127.61477 92.52947 1.62002
132.01843 107.98244 1.50652
110.99348 97.58796 1.64292
121.8418 98.88061 1.46283
120.57834 109.75124 1.50562
132.79923 105.51893 1.58113
122.0107 194.35598 1.57079
127.86501 192.53527 1.51141
129.86235 192.46645 1.58345
108.70987 195.64962 1.47901
124.56562 177.21378 1.55507
113.55091 189.87895 1.5203
127.00496 192.67657 1.62577
130.06305 206.02899 1.57634
118.83177 194.24321 1.64783
122.82055 202.26888 1.64363
121.23135 192.25675 1.63218
