141.3586 39.21675 0
141.88535 38.90228 -0.13092
134.35446 38.64357 -0.07448
141.2425 47.96913 -0.13335
142.1641 31.96645 0.00921
140.27634 36.68487 0.09038
150.93123 34.7204 -0.07729
139.77298 38.72536 0.02146
140.44965 37.44006 -0.01677
142.89829 36.03128 -0.03318
152.36267 40.51699 0.06829
-2.70489 363.2173 3.14159
7.01544 373.90871 3.16486
-15.13438 373.20389 3.013
-0.56769 386.59919 3.09446
-2.13033 368.31667 3.10905
0.84799 350.08798 3.11228
-3.18375 360.65469 3.22611
2.6675 367.66316 3.22038
-16.87826 350.99641 3.15772
6.77424 371.18288 3.09492
-3.8038 364.54673 3.10314
5.7908 313.21669 3.14159
9.14477 322.56874 3.22884
19.70618 323.57159 2.94519
-3.52044 299.65518 3.09306
7.47694 310.49982 3.2628
1.79739 319.71781 3.19806
11.46606 319.80119 3.1794
11.00307 320.44859 3.1853
4.20862 325.02172 3.16242
3.04903 320.10409 3.09663
-3.7398 318.43416 3.11077
