3.63721 129.93589 4.71238
-1.48172 133.49501 4.83292
-2.71341 125.60644 4.73263
9.4386 120.24056 4.72226
6.30372 139.88519 4.69743
5.61467 136.96473 4.71153
7.1993 120.58154 4.6826
4.71671 127.23772 4.69567
-0.36187 131.8926 4.66668
4.92908 127.12554 4.77551
5.6249 129.25729 4.72597
44.79126 127.56169 0
49.26723 133.27185 -0.15269
43.96395 134.92878 0.02355
40.11877 143.19254 -0.0129
46.21481 130.29579 -0.05947
45.79504 128.36545 -0.11888
42.72834 123.22166 -0.02424
32.14022 131.93401 -0.01819
57.22975 137.99963 -0.10922
41.73564 142.91361 0.04588
46.03703 136.58396 -0.03392
-61.88475 129.4264 0
-60.32264 135.2026 0.05549
-70.42766 127.98448 0.02309
-61.03315 130.33567 0.042
-69.74233 140.3002 -0.02298
-65.57592 119.79833 0.126
-66.28687 131.30828 0.12985
-70.24292 128.36324 0.01481
-65.82682 121.79937 0.04007
-54.36533 140.73884 -0.0516
-72.9208 134.80784 0.001
0.77365 142.05556 4.71238
-1.43092 141.92403 4.68301
0.36167 138.29788 4.81904
4.56197 135.24526 4.62294
-10.55116 150.45676 4.73166
4.96899 139.20347 4.55418
9.95244 145.73315 4.7233
-8.03665 146.03279 4.64366
-6.24179 133.62069 4.78527
4.37511 125.17237 4.66768
-2.83391 149.39063 4.72846
-1.65934 140.70244 1.57079
-0.51969 133.19813 1.56374
-1.48277 143.38428 1.59787
8.96367 154.27182 1.54358
-4.48611 160.21123 1.55975
3.80498 137.76369 1.5766
-2.65669 141.58425 1.74625
8.65255 140.67052 1.51607
-2.14552 143.77098 1.58437
-2.33375 134.14739 1.66747
-2.65455 135.36896 1.50151
