132.8605 151.01458 4.71238
135.16673 153.98988 4.74356
131.81668 140.97539 4.80741
137.87706 153.94809 4.81576
139.18935 160.418 4.49884
126.84575 136.30169 4.69829
136.66872 153.22887 4.62748
145.52135 150.87899 4.76095
130.8272 158.93817 4.70028
142.04846 150.63359 4.60193
133.47236 156.66138 4.683
-126.73939 149.65543 4.71238
-128.67544 161.30506 4.72091
-132.70765 138.97964 4.70659
-122.46275 150.00811 4.82287
-124.10841 156.89743 4.67658
-129.71126 159.8947 4.66239
-128.41287 137.14997 4.81089
-124.14097 138.87279 4.75088
-128.22812 153.57789 4.73978
-128.18079 150.54876 4.69402
-120.61997 160.58081 4.79618
-115.6059 147.44069 1.57079
-96.53146 160.06559 1.5556
-112.38791 151.59919 1.60837
-111.71628 154.77319 1.61045
-112.74545 137.31915 1.56477
-118.6393 153.14935 1.7069
-116.77928 154.30199 1.58294
-121.14679 156.49044 1.637
-115.0285 143.39758 1.55409
-110.33226 145.5024 1.71213
-116.40202 157.2641 1.45526
109.2344 132.5923 4.71238
99.05906 139.11863 4.80861
114.99747 127.05771 4.66097
88.58557 139.21525 4.72858
106.21163 125.67266 4.68692
107.21996 128.95901 4.69054
103.86941 126.87971 4.80321
113.53453 133.52425 4.67114
114.6759 137.15402 4.77894
108.34747 134.99724 4.79158
102.40235 131.72247 4.74526
135.76639 -141.15429 1.57079
140.44097 -147.39975 1.64272
136.49062 -144.2657 1.46938
139.47052 -130.33453 1.58266
140.42391 -136.61391 1.66995
123.08405 -145.51312 1.56073
132.52497 -143.67627 1.64468
132.05202 -142.09705 1.53593
132.73022 -146.47905 1.59052
125.00256 -141.50589 1.52127
130.35301 -145.38582 1.55525
132.70979 156.9936 1.57079
132.75221 154.71653 1.55031
132.87808 158.06338 1.52367
137.60531 168.17781 1.58861
127.88696 159.29518 1.61924
138.41732 170.13687 1.53417
145.18989 157.31598 1.57233
124.94524 158.92842 1.55121
147.63056 164.05264 1.53825
121.27562 153.11802 1.68851
131.41142 155.70388 1.5758
-123.8459 155.4265 1.57079
-121.05814 154.40371 1.51426
-134.06279 155.9687 1.57775
-106.6928 149.017 1.6265
-126.12423 152.12572 1.65629
-121.19618 147.7432 1.56013
-121.22786 147.73336 1.70163
-130.72825 150.70845 1.54805
-124.38503 143.52757 1.63069
-137.28665 141.22832 1.55465
-116.58025 160.39508 1.41998
-13.24479 173.64 1.57079
-18.34607 167.84699 1.51551
-16.23624 187.74711 1.45024
-14.18941 179.63963 1.64716
-10.63862 152.70369 1.53068
-4.34649 177.0606 1.6147
-23.12859 171.98196 1.61177
-11.17109 164.32693 1.61887
-10.49306 186.09383 1.33108
-17.30642 173.5786 1.63189
-22.42506 181.45475 1.62302
145.5115 9.4118 1.57079
148.11506 -3.76536 1.57554
143.3929 7.84502 1.57145
150.37672 13.07175 1.60189
149.00625 15.72842 1.68476
138.65578 23.07229 1.55616
147.14498 6.69678 1.51964
147.65067 18.87169 1.54186
144.18111 7.80453 1.70872
146.09899 14.23116 1.44419
140.10452 7.81718 1.4932
-88.95319 144.28385 1.57079
-80.01937 153.19358 1.67124
-91.64026 141.48118 1.59257
-85.49465 143.84212 1.49632
-95.10015 140.73016 1.58067
-85.26129 144.7668 1.60434
-87.0655 142.5217 1.54255
-97.04966 135.5086 1.548
-80.34575 138.47249 1.59391
-86.40099 145.68744 1.69421
-75.05805 139.28809 1.57224
-135.43089 13.88018 1.57079
-140.73551 12.95492 1.55067
-139.68 15.18549 1.48486
-147.95243 25.89671 1.51324
-144.2386 12.98078 1.44312
-124.92312 17.35613 1.52288
-137.19105 11.98844 1.58522
-130.23453 4.53645 1.57709
-125.62309 20.7194 1.52296
-141.47749 20.8216 1.50218
-144.34427 9.31919 1.59789
132.398 154.75832 1.57079
132.70049 147.75556 1.42537
124.64092 163.772 1.46363
134.94922 144.17213 1.64522
118.09091 168.04897 1.53646
138.14226 143.64538 1.84538
134.84907 174.49782 1.46524
137.00985 163.34479 1.4862
122.12609 155.21714 1.45834
130.91363 146.35082 1.5446
135.67002 166.46589 1.58041
-129.53369 -164.5188 1.57079
-136.08443 -170.08335 1.53389
-136.44562 -176.94967 1.46191
-123.18188 -152.54021 1.69734
-124.47511 -157.21101 1.54197
-143.95304 -162.93169 1.65322
-132.13761 -164.9087 1.57702
-140.13728 -161.01406 1.58262
-116.06962 -156.95341 1.58094
-125.45027 -166.85261 1.38982
-128.91194 -157.53104 1.57605
-6.25189 -155.78766 1.57079
-6.75409 -150.16801 1.662
-14.1278 -159.50474 1.54587
-7.91566 -146.6405 1.66152
-7.94854 -159.34539 1.62116
7.26942 -153.23934 1.69618
9.40891 -159.08441 1.6323
-6.40019 -149.7802 1.6184
-8.31918 -147.42273 1.61851
-11.05105 -162.86581 1.69361
0.53332 -166.729 1.42522
