-36.00621 314.07365 3.14159
-22.56247 313.05387 3.27575
-31.37803 314.69388 3.12524
-21.48588 316.26436 3.18268
-32.32032 313.42996 3.00885
-33.22792 314.54017 2.98039
-15.31282 323.44597 3.09704
-31.94207 309.24061 3.11163
-37.06015 321.84176 3.08311
-31.30559 326.39658 3.28214
-40.41826 320.74518 3.15207
30.63548 315.26366 3.14159
40.14667 319.3832 3.13552
38.61223 316.20712 3.12191
34.3297 314.33338 3.12213
23.47736 319.70546 3.1951
36.12929 307.35455 3.01774
31.44444 319.38757 3.14279
21.88694 316.62071 3.06427
41.11737 331.0783 3.19721
46.64663 322.38466 3.0969
37.41526 314.52534 3.14592
-23.09317 314.2154 3.14159
-27.80985 311.68143 3.07422
-20.81175 311.34077 3.02639
-26.24894 306.55736 3.1301
-29.37255 310.93222 3.2182
-29.67557 309.06823 3.02858
-23.86367 320.65053 3.12822
-27.55234 311.3892 3.07725
-24.76881 314.53338 3.01232
-29.94302 313.10523 3.1981
-20.37112 319.15585 3.12786
54.71542 312.86319 3.14159
56.69237 309.33316 3.05091
59.03322 316.17487 3.13221
58.42692 317.71223 3.1919
49.30022 302.32674 3.14452
59.40535 309.44433 3.19892
56.56072 304.69068 3.11482
69.02738 313.25993 3.22042
49.30792 312.32732 3.17526
54.04705 327.03465 3.17307
45.05502 319.71092 3.25795
