114.7256 72.72621 1.04719
109.1916 73.04265 1.03236
109.50741 69.44888 0.8606
113.14784 75.46824 1.03078
118.05701 77.99163 1.01216
118.91158 74.25199 1.13774
116.82841 80.25315 1.11153
110.61568 77.64765 1.01656
110.35315 74.46713 1.10206
118.0382 63.9236 1.04319
104.42315 84.13299 0.95815
97.88381 309.06049 2.61799
102.67725 313.63371 2.66608
99.99506 311.29336 2.67561
97.30825 311.36184 2.52209
94.48357 294.10119 2.68697
85.3996 313.36256 2.68458
103.11223 313.24106 2.68745
96.35784 309.44654 2.49961
98.24718 310.68056 2.5819
91.63431 305.84363 2.47939
89.71443 306.01749 2.74894
-107.66478 309.0605 3.66519
-111.82993 304.48114 3.73704
-113.19068 299.40251 3.61042
-112.25038 309.77942 3.71548
-115.16138 306.96507 3.65194
-103.83071 317.57648 3.77787
-107.34965 314.59207 3.66201
-109.10367 308.148 3.51419
-125.61872 307.46914 3.69199
-107.30626 309.6537 3.53272
-104.34398 314.44293 3.68032
