2.42542 314.39413 3.14159
-5.33539 316.1552 3.20828
-6.55687 314.4985 3.03
10.4445 304.1687 3.11501
-5.2479 319.98574 3.1108
-0.57946 314.55686 3.14401
-1.49871 306.37689 3.11208
3.62543 315.84126 3.09794
2.09508 307.92709 3.16594
-3.26754 310.66643 3.04454
3.46086 312.86406 3.11681
162.92141 180.14338 1.57079
151.37242 180.48649 1.52096
164.71494 183.5238 1.48323
160.73428 171.45019 1.45301
176.84372 177.93974 1.51787
165.70186 174.52781 1.60015
160.13018 184.59993 1.40719
163.22721 188.35619 1.51521
154.73018 169.11749 1.58479
166.07284 196.15213 1.60804
164.95711 175.794 1.67473
