-139.58389 182.46464 4.71238
-133.65307 192.03456 4.56418
-148.2958 184.1992 4.77184
-143.86024 190.33305 4.70217
-142.05935 173.51167 4.59965
-146.83645 188.30647 4.77479
-132.08693 191.05684 4.83025
-144.96804 186.07194 4.59273
-143.08546 194.793 4.76081
-129.79787 179.25513 4.80244
-136.34992 175.4721 4.68477
2.47426 54.17995 0
-8.91194 55.13989 0.0324
-6.2928 48.07291 0.01259
10.94473 48.20315 -0.03781
0.70824 44.09924 -0.05791
-6.75256 69.60418 0.00565
3.35768 45.83906 0.02417
-5.5291 60.48042 0.13681
1.03345 46.72966 0.05389
-4.00979 56.10647 0.0205
-7.53125 41.88756 0.03646
4.3407 55.85345 0
17.54187 53.2845 0.07303
-4.08934 53.99506 0.01983
-9.77168 48.06439 -0.00785
0.82204 66.21107 -0.06561
-1.51878 64.30675 0.13919
2.54467 48.0076 -0.09812
2.49687 63.19405 -0.07
8.47333 55.62074 -0.03574
9.27327 61.99109 -0.11719
11.92009 50.0153 -0.06313
8.85692 306.39449 3.14159
6.08116 307.31209 3.15918
12.46725 305.68442 3.1518
1.61518 308.58832 3.09063
6.33242 300.7981 3.10768
6.67232 302.62649 3.10367
11.88529 311.25319 3.09397
19.14036 305.78598 3.20758
4.84882 313.13729 3.10666
6.45765 307.23482 3.07944
9.01286 303.79812 3.1295
6.7376 48.39449 0
7.12019 63.60092 -0.06182
2.68088 50.45708 -0.06655
-1.03116 34.23449 0.07467
7.08062 47.2007 0.05627
5.67745 51.61604 0.02564
6.48573 38.19108 0.04512
12.8131 42.72611 0.05787
16.11854 44.41325 0.04813
-4.32255 60.30167 0.01561
4.07865 61.70461 0.09982
-18.41407 306.39414 3.14159
-10.10606 301.1666 3.1059
-21.9629 298.86365 3.13428
-12.13822 310.92803 3.10338
-18.36528 293.09738 3.04756
-14.4501 306.60187 3.0112
1.90943 300.26122 3.19712
-14.57161 312.13752 2.94777
-20.39897 314.28356 3.05084
-20.35022 300.00695 3.15898
-22.23508 314.54825 3.22919
-17.67849 48.39398 0
-19.2152 49.42049 -0.09373
-14.67977 61.4054 -0.06812
2.87722 50.36123 0.09624
-18.11121 37.29201 0.04836
-37.94443 37.76611 0.01069
-5.44571 49.20237 0.09987
-10.72016 52.55445 -0.08895
-14.38677 57.71948 0.08636
-17.91284 42.60207 0.10739
-17.31275 51.79591 0.02698
-1.35109 48.39423 0
3.55888 51.17788 0.01125
-2.49761 50.2231 -0.03004
5.23052 49.93554 -0.07577
-1.5899 48.81763 0.01012
-1.32309 48.65216 -0.04588
7.56695 54.69812 -0.03502
4.04281 35.91716 0.08569
0.12637 37.78592 0.0128
-0.48223 51.85372 0.0015
2.66512 47.9944 0.05034
-139.32008 178.60085 4.71238
-140.96667 168.98457 4.8037
-146.07966 181.02987 4.77355
-136.32905 175.6422 4.80305
-131.03715 179.0971 4.78658
-130.88905 180.98676 4.7928
-134.6295 182.22845 4.82676
-141.77266 192.84142 4.88091
-144.79472 175.69546 4.75488
-135.77779 168.22721 4.6002
-137.9176 184.63629 4.65962
127.8315 207.4389 1.57079
120.15464 210.11071 1.58512
139.77492 209.56063 1.58445
135.44849 215.24755 1.59122
132.08556 215.38661 1.57892
132.24331 206.27081 1.64139
121.8087 212.77317 1.62372
121.49942 199.81065 1.52459
136.10954 206.30295 1.63039
128.31247 207.3445 1.59479
137.26156 209.14575 1.60485
-22.67708 297.7157 3.14159
-17.41958 291.74102 3.20039
-26.4941 300.00238 3.06953
-24.6146 308.15662 3.14582
-30.36459 300.56383 3.07491
-13.04024 295.01519 3.13366
-21.96292 290.4589 3.1972
-12.32961 288.65534 3.1965
-26.9667 302.72912 3.14279
-2.67553 295.49607 3.0169
-15.25381 283.75796 3.15866
8.85702 306.39449 3.14159
17.32262 301.10931 3.28239
1.40586 311.98394 3.04197
3.66892 298.78409 3.21174
20.73 313.98379 3.13937
13.35974 312.50424 2.98813
1.23903 314.7491 3.1588
18.6029 294.93593 3.19752
6.18291 297.0293 3.05705
8.16246 291.00636 3.10467
12.89704 304.92473 3.10796
6.7378 48.39449 0
5.8893 35.22322 0.01511
10.90817 42.3279 -0.11457
14.79098 52.98593 -0.11855
17.60046 49.93208 0.0421
22.02998 56.93679 -0.03222
-6.66539 49.27811 0.03596
-8.75527 38.98323 0.01406
4.37963 48.09821 -0.07718
4.91449 48.99006 0.01101
12.54954 47.16514 -0.04952
12.60535 306.39449 3.14159
13.51186 305.84452 3.15151
14.54136 301.52874 3.11495
9.09507 289.75853 3.23704
14.41117 293.77373 3.22673
13.89699 309.91139 3.10838
18.99056 300.39006 3.07324
22.49275 309.87724 3.20686
11.84639 297.62887 3.1192
5.96926 304.38022 3.10564
10.79523 300.41368 3.06845
-20.25326 306.39415 3.14159
-19.18506 303.36397 3.17719
-5.86365 309.74785 3.15814
-13.71984 321.86826 3.04828
-15.7605 298.36968 3.10598
-11.13495 310.53134 3.17526
-23.48308 313.36487 3.20667
-16.74047 308.80735 3.0809
-23.34611 306.77647 3.11332
-11.93152 299.0693 3.19976
-16.43119 296.46978 3.15676
-153.25327 178.84993 4.71238
-155.38234 178.97135 4.68721
-160.01351 166.2171 4.71482
-146.80314 185.02514 4.54017
-145.99363 179.25906 4.83069
-154.94066 187.12021 4.83808
-135.95591 176.20984 4.69368
-144.19512 165.10827 4.69305
-148.65992 172.00917 4.71206
-143.44293 190.44827 4.60273
-162.18273 175.9969 4.80523
0.4891 48.39423 0
0.26484 38.67971 -0.03777
2.12041 42.44001 0.06657
8.81872 51.42389 0.00591
12.15956 39.4518 0.07354
-8.09527 51.30319 0.05061
1.59116 48.11571 -0.09086
2.34908 58.35882 0.05449
2.14219 51.1344 -0.12536
8.81153 53.26451 -0.14039
2.11522 48.17818 -0.09693
-0.13579 54.4878 0
-12.47965 53.15191 -0.03193
-6.71863 69.94691 -0.08854
11.8786 63.22301 -0.12471
2.36703 71.37356 -0.03954
-9.10743 50.68268 0.0135
-3.27679 43.97456 -0.03624
6.85071 47.6044 0.03907
-11.05513 65.83693 0.01637
1.38192 55.50749 0.12395
-7.84947 47.75432 -0.10055
