139.50891 145.04297 1.57079
140.51331 148.97905 1.74988
128.83403 147.97325 1.77831
147.95878 144.47831 1.55324
141.22708 156.97457 1.51595
138.34455 158.71901 1.65951
135.56686 135.50381 1.59232
150.37009 132.77609 1.57477
141.88886 150.06117 1.52524
147.42249 147.74969 1.58533
143.30344 141.92438 1.57563
-144.81658 181.80787 4.71238
-139.46658 187.81175 4.69956
-144.16489 175.75011 4.7579
-145.43603 171.86509 4.70263
-131.69757 178.02397 4.63344
-153.15065 185.26372 4.81354
-141.52695 175.74494 4.8239
-135.16013 191.28753 4.75687
-142.1265 178.71532 4.60887
-141.21377 187.83826 4.72928
-145.98995 188.94552 4.7369
-76.4076 58.0854 -0.26179
-78.70789 51.04435 -0.19251
-83.91649 59.09255 -0.30045
-83.71333 59.43938 -0.18375
-74.68516 57.24039 -0.20215
-87.57588 69.04873 -0.30582
-81.36259 64.12816 -0.29518
-84.39196 59.69293 -0.17783
-81.34032 51.50122 -0.40677
-80.76083 56.87815 -0.25557
-65.49489 51.90734 -0.18926
64.48429 57.2271 0.26179
55.71906 53.4977 0.17722
75.0617 51.23422 0.2918
77.26705 70.32096 0.25544
52.95154 45.72594 0.32795
69.83399 48.4954 0.07638
52.89305 53.96396 0.23715
69.1593 42.61952 0.20625
63.94366 62.36581 0.33199
61.68901 47.77602 0.21892
71.67974 54.16262 0.39753
-73.06367 59.9658 0
-88.15256 69.56046 -0.03969
-77.07798 51.17319 0.07638
-74.32913 62.17412 0.05572
-69.79078 60.2227 0.08628
-79.90783 74.04004 -0.01603
-81.71323 61.62338 0.00192
-68.36282 59.82877 -0.06114
-77.07668 64.52469 -0.00289
-72.3744 69.85452 -0.12421
-81.15997 53.31122 0.02276
33.61233 58.10109 0
33.80726 48.29775 0.00713
28.42561 54.82866 0.08266
34.3457 60.78204 -0.10773
31.71902 46.05252 -0.08911
35.41974 56.9117 -0.01606
29.30081 51.60597 0.04912
36.10892 68.70994 0.06085
31.10666 60.61394 -0.04168
30.31631 54.85832 -0.04936
30.2397 60.53657 0.05647
-138.5945 168.76071 4.71238
-136.95513 176.70937 4.8398
-133.46579 156.70004 4.7152
-147.33742 170.3239 4.7688
-144.45328 174.44703 4.86916
-128.18724 171.9443 4.79848
-139.87243 174.64696 4.67379
-144.66392 159.09426 4.69937
-133.88652 157.58211 4.63475
-139.11578 163.37312 4.69564
-138.33344 171.5264 4.77435
