259.59989 1.35914 0
256.64509 -9.64098 -0.03303
253.80225 8.93269 0.13046
267.55505 13.09509 -0.01319
260.5717 -2.20047 -0.02474
244.62426 -2.40511 -0.07779
260.16102 -11.53349 0.09856
247.42671 -0.9699 -0.04549
251.21831 4.13212 -0.00171
271.02585 -2.67103 0.04609
261.53617 10.97721 -0.11038
-259.59989 -1.35914 0
-256.90033 -8.64628 0.10696
-272.95499 -9.71899 -0.13368
-271.51711 -6.69224 0.14982
-243.82541 0.73671 -0.00456
-259.40152 7.85915 0.26595
-259.54421 -2.78464 0.00146
-257.34086 -1.76687 -0.05622
-258.40498 -6.88866 -0.0831
-267.87025 10.72785 -0.10055
-263.36383 -10.39137 -0.04383
3.0566 -298.14789 0
-1.5647 -301.08502 0.00178
-7.12735 -299.6578 -0.05437
-0.30082 -304.31681 -0.09242
0.23818 -294.87955 -0.05451
6.60325 -305.30208 0.08705
-0.76829 -296.44469 0.02368
6.98377 -294.11234 0.11031
7.80064 -293.68346 -0.07354
15.98441 -302.20101 0.1077
1.91289 -285.8311 0.02488
259.6123 -296.58079 0
250.06594 -301.03939 0.00554
262.66462 -308.52123 -0.05779
261.00267 -290.08337 0.0145
257.62905 -295.33034 0.10195
261.29704 -283.37433 -0.0148
265.34574 -304.55208 -0.04735
258.07045 -302.11305 -0.04355
253.47572 -299.19603 0.11846
250.10708 -290.88404 -0.13773
274.42247 -286.59014 -0.10051
-3.0566 298.14789 0
-6.81125 311.29484 -0.02019
2.08079 299.21644 0.12453
0.71074 301.46233 0.05001
3.56953 293.61759 0.10241
-0.62314 302.52023 -0.02826
2.1106 285.05927 -0.0201
-17.80087 284.50226 0.09905
-4.07075 291.45704 -0.07794
4.03619 300.38773 0.1367
-3.53835 305.4346 0.09639
256.55569 1.56709 0
255.55516 3.99437 -0.0672
263.82818 1.86033 0.04391
257.07944 19.06636 -0.0258
262.25786 0.05421 0.05435
253.51459 0.09334 0.21435
261.81524 9.10158 0.01639
258.85353 3.48332 -0.06342
250.62157 1.15568 -0.0052
258.58826 9.14351 -0.00923
261.98665 2.581 0.09057
-259.6123 296.58079 0
-258.2575 306.97947 0.12693
-256.07532 301.53507 0.05014
-264.81777 301.80276 -0.00711
-262.63606 300.22676 -0.10951
-257.59478 299.46277 -0.0007
-251.81992 293.97834 0.01713
-262.85877 295.64795 -0.03125
-250.79481 288.05995 -0.20047
-264.97404 286.13701 -0.03041
-255.84392 297.41858 0.04277
-256.55569 -1.56709 0
-256.49973 -4.36848 -0.06234
-243.66864 0.37319 0.06317
-257.62495 4.51769 -0.03056
-255.75496 -10.24853 -0.03087
-257.68207 -2.67739 -0.03506
-251.4637 12.46002 -0.00041
-271.57137 -6.99674 -0.11499
-266.38921 12.6056 -0.07334
-250.78348 -7.53258 0.04568
-267.74466 -10.20922 0.04331
219.85994 0 0
217.27872 -6.0398 -0.12678
212.21931 -2.38169 0.01869
221.65166 6.01204 0.00805
220.7038 -7.68589 -0.00136
230.12042 -7.54479 -0.0279
211.13604 -2.06094 0.0592
216.71756 8.16551 0.10915
209.67188 -14.57756 -0.02211
222.38652 -1.30335 -0.07896
213.41662 6.75084 0.11877
-219.85994 -0 0
-216.92418 5.24891 -0.04794
-213.30783 6.74406 0.16604
-225.32281 5.75332 -0.01942
-214.25457 -7.44024 0.10654
-207.85912 12.59222 0.14476
-221.24736 1.78887 0.03318
-218.90888 1.36552 -0.06019
-228.03469 0.57976 0.0092
-224.52726 -4.34508 0.06732
-221.97653 7.03439 -0.01985
264.64469 -0.97609 0
270.1851 11.60783 -0.03542
262.96527 3.28331 -0.12217
251.98504 -2.37321 -0.04029
258.53693 6.16012 0.06668
259.89329 3.17845 -0.07055
256.40669 -4.62495 0.01119
263.53917 -6.8413 0.00725
266.9764 -0.55836 -0.05986
259.66219 -13.70105 0.04477
271.93955 -6.91164 -0.05123
259.61979 -288.7753 0
262.10986 -279.71207 -0.00794
259.75055 -284.80684 0.00005
264.22937 -278.41575 -0.02156
259.47032 -283.31917 0.00694
266.49047 -289.68447 -0.02979
267.30773 -305.96372 0.09764
278.71273 -298.33967 0.09213
263.75024 -283.55159 -0.18836
258.90291 -300.57182 0.00132
255.75694 -283.17536 0.00946
-264.64469 0.97609 0
-259.27039 6.37867 -0.10796
-260.21867 8.21876 -0.01353
-272.04264 5.37825 -0.13845
-272.49693 -6.33824 -0.03769
-259.13127 -9.40638 0.05449
-281.48965 14.61575 -0.02072
-275.31643 5.659 -0.05296
-268.21224 -6.89424 0.01443
-272.53084 10.1936 -0.0493
-259.23366 -0.7818 0.00216
-5.02489 -287.7992 0
-12.1832 -281.83092 0.04032
-11.13785 -285.57184 -0.02266
-8.05195 -278.18219 -0.02134
-4.77854 -285.88675 0.02599
2.84783 -276.05181 0.05286
-7.5596 -294.27286 -0.05258
-6.93461 -289.27717 -0.15956
-4.32092 -290.17549 -0.01409
-5.42631 -284.08306 -0.00118
-10.20914 -292.32438 0.01207
-259.61979 288.7753 0
-257.82624 289.94276 -0.08872
-257.09745 282.17408 0.16082
-258.57677 287.58509 0.01851
-252.12575 288.92842 -0.03726
-256.88458 290.95071 0.09191
-248.20648 284.24974 0.03744
-255.35245 295.04442 0.13023
-260.26311 284.49226 -0.03953
-259.78018 288.84073 0.06725
-257.19641 288.0379 -0.00354
5.02489 287.7992 0
11.9942 284.92222 0.14546
4.86752 288.39732 -0.10491
6.74516 284.52981 -0.05742
-1.50361 281.53804 -0.00247
6.81201 288.35702 0.08914
10.21057 285.58745 -0.0928
13.47497 287.06282 0.02444
1.86301 287.37704 -0.10374
0.61175 289.74953 -0.03318
-4.29086 294.6229 -0.06064
-267.8289 -140.87813 0
-267.76958 -135.98725 -0.13782
-275.24423 -131.13662 0.02362
-278.54859 -135.40913 -0.04281
-267.15947 -148.54796 0.0598
-265.03459 -138.01638 0.11583
-282.8636 -139.17617 -0.08289
-265.53716 -141.58283 -0.02942
-269.56034 -139.6688 -0.00962
-272.68579 -139.49076 -0.02556
-266.01793 -132.81625 -0.08465
-5.89719 178.39899 0
-5.06676 168.45853 0.0367
-9.43241 176.04552 0.01207
9.5896 180.62727 0.08936
-1.94985 185.82788 -0.06156
-6.88385 171.03641 0.06919
-0.4443 189.91953 -0.05141
5.59835 161.69322 0.02978
-11.74653 174.92474 -0.01115
-0.04196 183.11393 0.13112
-13.85494 185.74445 0.10145
267.8289 140.87813 0
265.19297 147.88014 -0.10387
256.25623 151.98665 -0.08102
281.34093 145.18597 0.08709
267.71201 149.04351 -0.05711
271.27489 149.41042 -0.02754
263.7752 149.00724 -0.0401
266.31229 144.42401 -0.01776
266.61138 141.65704 -0.04603
267.48286 150.08493 0.0552
272.10073 142.5529 -0.02937
261.9317 319.27712 0
261.4007 314.2617 0.05609
270.92003 330.27517 -0.15906
265.28995 307.08017 -0.01651
266.59654 321.34204 0.02172
272.10336 319.64101 -0.14181
268.97962 309.59726 0.02936
258.38436 316.95966 0.00665
257.16489 315.71147 -0.03825
257.44262 326.1546 -0.07487
257.50152 327.76466 -0.12582
5.89719 -178.39899 0
11.74945 -180.41642 0.0755
10.29493 -184.97866 0.09026
1.97161 -179.25832 0.02567
16.34261 -175.48852 0.02697
9.30682 -170.0498 0.05432
0.83966 -187.68786 0.00264
15.12996 -177.39485 -0.01255
-22.15712 -168.01595 0.13365
-0.6413 -178.4538 0.10291
4.90237 -169.53567 0.0854
-261.9317 -319.27712 0
-271.45183 -324.27535 0.07557
-267.04112 -315.31591 -0.03503
-267.95445 -319.09419 0.00352
-261.83548 -315.71355 0.08593
-258.11141 -311.01872 0.02664
-266.43843 -319.78772 -0.10776
-257.15778 -334.739 -0.10935
-248.30102 -310.79733 0.25803
-256.50809 -326.39489 -0.0206
-255.95998 -320.33227 -0.07595
-257.18559 -139.5755 0
-248.26905 -154.01645 0.11632
-262.53833 -121.05843 -0.00977
-254.51353 -139.76477 0.10447
-242.74519 -145.69505 0.00899
-262.47984 -142.47355 0.08067
-261.49208 -127.87196 0.0651
-268.09698 -149.16963 -0.09747
-259.99151 -149.35276 -0.06495
-258.39332 -144.59299 -0.038
-248.37732 -148.05756 0.00373
257.18559 139.5755 0
260.88165 153.80335 -0.04875
256.08958 138.06724 0.11527
251.25761 142.87706 0.02852
256.73152 139.19059 -0.02519
248.99093 127.07466 0.0724
254.82564 155.33343 0.0349
261.25208 144.61061 -0.03661
253.71762 151.84854 -0.01982
254.00399 150.69883 0.04531
257.58753 135.28876 0.11171
151.04769 -302.09502 0
143.40441 -306.58964 -0.07551
148.10161 -303.39592 0.04232
159.65492 -313.05275 0.07194
131.36392 -310.39541 0.00397
146.26574 -293.99083 0.08013
144.36896 -303.40623 -0.02734
157.00802 -311.34086 0.1019
148.90298 -306.71244 0.00938
138.96236 -311.6338 0.06849
148.58948 -294.62995 0.10547
-151.04769 302.09502 0
-149.43453 308.43326 0.09139
-152.14912 287.18213 -0.02848
-143.50978 305.02545 -0.07294
-164.91126 304.39573 0.01132
-146.25688 303.97883 -0.13043
-149.40807 299.48712 -0.05027
-152.02823 312.48142 -0.12463
-154.49584 303.83767 0.03707
-141.77808 302.22534 -0.01204
-157.52218 300.11828 0.0143
-259.81739 275.1006 0
-250.01784 273.03888 -0.0414
-259.41172 282.43342 -0.07445
-256.61457 274.60406 -0.09934
-265.04513 266.02264 -0.0598
-262.1941 276.15131 -0.02297
-248.64541 271.44286 -0.00782
-262.71567 265.38431 -0.02184
-267.30697 281.90551 -0.07071
-260.46052 275.39929 -0.11187
-264.55903 270.51521 -0.17702
259.81739 -275.1006 0
267.27718 -273.01888 0.10404
250.91336 -263.0931 -0.04018
264.23786 -287.2871 0.0124
263.85887 -277.76706 -0.14877
261.27081 -271.93564 -0.0659
276.75405 -261.69888 -0.06213
252.84748 -276.99514 -0.01179
250.78788 -269.98375 -0.0805
252.75755 -277.2782 -0.0175
258.41547 -291.08793 0.07466
