-183.05187 -6.32489 4.71238
-176.07233 -12.54268 4.75413
-183.33851 -5.72029 4.53618
-183.21115 7.39833 4.69618
-197.03865 -14.46297 4.67724
-174.74976 -1.12444 4.73516
-180.48651 -15.32192 4.66522
-175.90585 -11.29653 4.78196
-192.86928 -3.29957 4.76539
-197.24273 -4.40094 4.68642
-185.36718 -2.08841 4.67627
-197.68629 3.7097 4.71238
-204.57745 17.84875 4.76707
-199.93398 17.11144 4.76872
-186.59072 0.10417 4.67179
-197.19733 0.54965 4.64048
-208.41993 18.12299 4.70091
-196.01933 2.26514 4.7887
-196.53477 14.37989 4.64788
-194.69407 11.37688 4.68553
-195.64878 4.64758 4.69239
-189.97914 -1.57909 4.72345
208.33419 -2.57043 1.57079
212.19151 -8.90397 1.56125
207.74019 -5.82915 1.61456
212.56336 10.43072 1.53668
208.94194 -8.82769 1.37002
208.40478 -5.85 1.52034
203.39407 8.82927 1.53781
215.64384 -5.67203 1.64323
210.35585 -3.35623 1.38703
227.58807 -11.34614 1.57
208.27168 -7.40261 1.55203
-147.5805 -1.91198 4.71238
-153.57273 -8.94855 4.70599
-153.03143 7.44017 4.80835
-145.7335 -2.65761 4.58472
-145.62658 -5.43772 4.70791
-148.33785 5.14961 4.66294
-142.86724 -1.22601 4.66938
-140.3714 -4.53417 4.83387
-149.72635 -9.71624 4.79133
-137.99647 -0.31039 4.67501
-139.40968 -6.90689 4.68528
206.02385 -10.40131 1.57079
208.97197 -11.98117 1.47187
202.15904 -2.25886 1.47998
199.69039 -9.17045 1.62763
202.29867 0.54221 1.50426
200.64624 -1.51293 1.63908
217.47345 -13.04525 1.62964
198.78994 -6.69878 1.48372
211.73326 -18.91026 1.54584
215.58819 -21.81155 1.59226
201.8732 -8.33339 1.66317
-143.04174 -2.74668 4.71238
-148.59954 -0.83356 4.62863
-142.92473 11.06759 4.64182
-135.3237 -0.33478 4.76701
-149.92597 -8.09831 4.85543
-139.98987 -8.61041 4.63342
-141.21914 5.76123 4.79405
-142.4068 6.44237 4.71613
-151.57228 -6.51839 4.55971
-143.70722 -14.06272 4.81968
-145.44085 -21.0843 4.75535
