-4.0166 56.65713 0
-11.22967 70.33337 0.08976
5.22799 49.10158 0.04685
-4.33373 54.3293 0.19423
-3.53516 49.98638 0.03051
-13.02008 43.97529 0.05272
-8.58681 63.04119 -0.02334
-1.01514 42.68298 -0.0864
-5.89555 48.64403 0.11076
-14.50835 45.21273 -0.10644
-4.41114 56.84617 0.02963
117.82545 128.40999 1.57079
124.13691 125.69932 1.50823
123.2052 121.80399 1.44888
118.72817 129.45564 1.60282
116.50183 135.66986 1.59217
114.98994 136.58854 1.64047
123.5472 129.07108 1.68202
112.70319 130.59195 1.56495
118.50014 133.70073 1.57837
121.83832 131.9427 1.61332
119.42003 126.32519 1.56471
119.69015 235.08601 1.57079
125.95695 232.8655 1.61551
119.36824 232.73995 1.64959
118.2683 238.23102 1.467
107.30756 234.61429 1.61049
124.19822 230.84884 1.58025
108.3098 231.73319 1.67569
113.05824 238.78186 1.5036
117.14335 245.81692 1.59079
116.78427 227.81718 1.58348
123.21485 235.72398 1.6186
