-162.06609 3.65391 0
-148.8134 -1.60896 0.0675
-161.27366 7.30562 -0.07197
-156.55377 2.79382 -0.03528
-159.69403 17.30637 -0.04227
-164.12918 8.25029 0.11056
-165.64809 -0.70906 0.09458
-166.0902 -3.27093 0.07897
-166.25333 9.97967 0.07132
-170.22072 -2.13069 0.02984
-149.99804 -1.21596 0.09609
-163.2877 -0.28438 0
-162.2336 1.6314 0.0352
-171.72936 5.16346 0.00466
-148.78465 -4.90934 0.06454
-154.79212 -3.97218 0.1056
-160.81523 1.33102 -0.002
-150.02588 -1.93501 0.02377
-159.50209 11.4737 0.04468
-167.9671 -2.59442 0.03882
-164.31522 -5.21815 -0.02104
-159.74821 -7.3497 0.09666
-154.86549 8.65476 3.14159
-155.91911 3.44582 3.00476
-160.18743 12.69607 2.98377
-157.4828 13.79293 3.09784
-148.80192 12.61399 3.13926
-167.73099 5.7423 3.12157
-147.60748 12.39013 3.13499
-152.23662 12.87498 3.08917
-165.21574 -13.13432 3.10829
-148.12514 19.13004 3.09534
-153.21855 9.43355 3.06199
-170.0249 -6.17678 0
-178.62357 1.79341 -0.04853
-175.06487 -0.39688 0.1757
-155.70559 -4.77828 -0.14474
-173.96879 -12.27483 0.08134
-176.68214 -8.06219 0.02623
-169.92104 8.72211 -0.02819
-167.38577 -6.11403 -0.04551
-165.02857 -1.75889 -0.09384
-174.16522 -17.66682 0.08117
-170.02728 -7.30136 0.07826
-215.61939 8.36221 0
-229.24472 -8.9967 -0.01105
-201.91935 6.03031 0.03354
-214.66129 6.51942 -0.11417
-210.13002 8.45527 -0.04957
-216.34656 1.55678 0.00183
-227.96667 -3.28659 -0.08664
-221.12404 10.12203 0.04683
-220.3714 5.83914 0.06515
-211.05069 23.75034 -0.01133
-210.43997 -8.03502 0.0389
-160.60335 -24.26488 0
-163.50804 -30.99282 0.01672
-152.8068 -23.93585 -0.09303
-152.12333 -21.18356 0.02729
-157.38835 -30.26264 0.18797
-168.40696 -32.12414 -0.06743
-164.0413 -12.31569 0.04006
-164.16403 -29.08938 -0.00655
-152.15401 -12.56245 -0.0372
-161.97649 -27.84767 0.09059
-167.70212 -35.31032 0.00904
-144.84779 1.03236 4.71238
-152.23575 16.06331 4.69034
-143.25326 4.07526 4.74142
-154.01497 8.70204 4.70111
-142.809 -4.97261 4.72816
-148.41431 1.35391 4.63692
-141.89266 -0.20338 4.63948
-150.2032 12.23494 4.78502
-136.88164 2.19325 4.75628
-158.48705 14.51931 4.74194
-135.41519 2.76436 4.65124
