-142.16536 115.697 3.92699
-137.24464 127.4682 4.13612
-144.78174 97.739 3.93127
-140.86619 108.4978 3.85177
-136.7892 111.94918 3.86525
-139.13757 118.66115 3.87977
-151.35374 130.11572 3.91212
-152.03605 117.80746 3.92629
-139.58993 111.7009 3.93748
-133.20008 117.1207 3.9308
-135.03618 106.07644 3.836
-159.47299 99.71611 4.18879
-167.42582 107.91982 4.23254
-163.34328 98.8253 4.11854
-162.81589 104.34359 4.16415
-157.25635 112.48028 4.16405
-154.29798 105.5276 4.15852
-164.27237 93.48519 4.12616
-153.9192 93.76401 4.42647
-159.83167 96.7596 4.15468
-162.61152 89.57374 4.21297
-161.10139 102.80196 4.27338
-159.473 -105.83248 5.23598
-158.14436 -104.20471 5.17359
-157.19514 -103.48097 5.23036
-160.33717 -109.89394 5.28173
-160.11716 -121.05451 5.17404
-160.46524 -118.51425 5.19958
-152.36156 -95.8804 5.24245
-154.52449 -103.30219 5.17128
-158.24333 -109.98576 5.25265
-146.75519 -110.17424 5.16099
-164.02525 -120.22768 5.17989
-137.14869 128.7993 3.66519
-134.69953 134.62039 3.65403
-125.36172 131.33388 3.71527
-139.91923 114.63423 3.56332
-132.5306 127.99806 3.71792
-136.49132 136.52334 3.60469
-148.37886 132.2631 3.62478
-135.10553 128.52878 3.67338
-144.71052 126.17677 3.63589
-139.98443 135.61113 3.57917
-139.74623 122.86309 3.71052
106.5289 128.79929 2.61799
106.41334 129.93824 2.66009
113.4536 127.01434 2.43336
100.26111 124.23866 2.58152
109.21286 128.36729 2.79863
110.18698 131.18795 2.48192
104.55329 127.92621 2.60425
113.81365 134.4887 2.59255
106.56137 150.57991 2.65758
109.12368 128.59785 2.62988
96.92173 147.44522 2.68279
148.10879 -112.71159 0.52359
155.26013 -105.48361 0.64097
140.95934 -122.30647 0.5852
151.91498 -125.99455 0.46667
155.66026 -103.41229 0.57771
148.31507 -99.13041 0.57028
150.89896 -124.93899 0.60822
144.28169 -117.64538 0.57562
148.38846 -110.15608 0.55598
144.70512 -118.98541 0.53641
154.19303 -121.45502 0.46079
-1.8301 -126.23689 0
3.6835 -120.71241 0.01355
-10.04597 -137.10546 0.01881
-3.79861 -126.62347 -0.03397
12.52187 -132.04848 -0.04178
1.12236 -116.97106 -0.01347
1.92561 -114.00308 -0.07853
-0.81604 -123.57357 -0.0359
-1.23951 -134.58538 -0.16806
-1.04641 -113.24288 0.04835
2.61706 -124.74537 0.02349
63.1414 123.37999 2.61799
58.84704 121.83691 2.74562
68.67396 110.46124 2.46771
78.46336 136.19707 2.52754
55.20984 119.4007 2.52172
58.989 124.76368 2.74528
65.25005 116.79808 2.68181
56.02664 129.66044 2.65343
62.14546 119.69476 2.52042
62.79168 118.42024 2.66741
69.98464 116.29853 2.46462
-89.08719 122.9335 3.92699
-84.55773 121.3397 3.92167
-80.97936 118.25994 3.87006
-82.88763 125.50962 3.89933
-92.79606 126.5798 3.93991
-102.99366 122.88955 3.94347
-94.12023 123.19457 3.93122
-98.35196 120.86041 3.98281
-89.50634 126.89511 3.91853
-93.51364 125.34497 4.09671
-89.51867 115.8173 3.8946
-159.47309 99.71611 4.18879
-162.38609 94.22872 4.1422
-158.93521 104.56604 4.14457
-165.63341 104.04161 4.09198
-160.88327 110.91681 4.21615
-161.97814 114.76921 4.23967
-158.91774 104.68528 4.08803
-163.19195 90.98911 4.22973
-155.40152 112.63376 4.25097
-152.68724 101.70177 4.26369
-155.82038 100.90227 4.0104
-159.4731 -105.83248 5.23598
-168.56522 -112.25398 5.18578
-166.14897 -108.46064 5.21227
-164.29672 -94.58564 5.47875
-166.8593 -112.47958 5.27272
-158.1254 -111.45443 5.25279
-150.41946 -105.00496 5.205
-154.71517 -89.91912 5.15581
-158.57673 -90.62004 5.15316
-155.8436 -103.53331 5.09251
-149.82096 -94.59679 5.17858
-58.36039 -120.32879 0
-61.01169 -114.56182 0.05345
-68.08178 -123.98415 -0.00202
-71.07844 -116.27134 -0.00433
-65.20458 -128.56164 0.06656
-41.6568 -111.78894 -0.03732
-66.05212 -112.74461 0.12477
-49.27755 -107.96684 0.11901
-62.59593 -117.9568 0.10347
-59.73109 -107.37356 0.06703
-67.54808 -124.2893 0.03863
39.74327 -120.3288 0
41.67922 -122.33414 0.07287
24.31858 -116.9913 -0.11233
40.51653 -117.07808 0.0485
24.11183 -114.42329 0.01993
45.87264 -118.29156 0.14204
21.08174 -123.37884 -0.02348
44.72984 -132.75546 -0.05184
38.4277 -124.60426 -0.06126
31.15735 -117.0376 -0.0282
36.30199 -108.93951 0.09541
152.72276 62.29228 1.83259
163.00372 77.65289 1.73797
151.37662 57.54846 1.82831
153.6241 63.46518 1.72158
163.34142 49.54353 1.91417
151.61169 58.64536 1.7901
165.55425 60.43041 1.81678
159.36941 56.83814 1.80112
146.83177 71.26775 1.82865
145.38422 65.54988 1.88023
150.66447 66.3833 1.85972
143.10995 -84.79741 1.04719
144.31929 -94.8651 0.93511
140.89745 -73.74124 1.10027
140.21288 -87.93386 1.10831
135.1306 -92.95517 1.03458
143.15638 -77.21387 0.99353
139.3728 -78.56837 1.24414
141.81843 -81.26442 1.11955
155.05177 -78.74625 1.15438
144.23088 -97.89582 1.03698
162.56633 -85.61044 1.1019
