14.55471 182.28429 0
20.60724 198.85942 0.03561
8.47323 175.79194 -0.04789
17.00047 179.5016 0.02561
2.53096 178.55305 -0.01765
10.99154 176.05476 -0.02557
22.58463 195.85809 0.05311
21.09359 174.63736 -0.05977
8.57652 179.13781 0.05506
15.02183 196.39683 -0.07647
17.50588 181.67086 0.04375
13.33381 178.31109 0
6.06862 172.27908 0.00421
1.04688 179.47968 0.00257
14.64747 177.40503 0.06609
10.87833 166.62643 -0.05036
20.03256 183.38917 0.09232
21.32741 183.64985 0.03448
11.1896 183.31691 0.15655
17.17641 177.01507 -0.03998
4.1289 163.53648 -0.06026
3.48093 186.35003 -0.05215
-19.91368 176.72428 0
-23.97164 187.96302 0.02532
-16.83942 170.98707 0.09291
-15.15144 187.27483 -0.01364
-23.98986 171.55096 -0.04507
-26.34274 176.23713 0.03377
-12.99513 179.98986 0.00681
-28.48799 178.44227 -0.06085
-32.10361 182.45232 -0.11617
-38.07855 167.61706 -0.02046
-25.37253 170.20172 0.00977
-19.5023 208.07 1.57079
-16.96417 201.81758 1.59531
-29.15429 208.39317 1.58443
-7.14782 211.28683 1.59479
-17.49585 217.37231 1.5997
-19.91133 206.13299 1.61344
-34.65131 201.38086 1.52266
-15.24861 203.00869 1.6263
-19.30474 213.7926 1.50627
-11.72042 203.02353 1.67085
-14.45412 214.95327 1.59027
13.33401 178.31109 0
11.56627 170.6733 -0.01715
25.72726 179.12519 -0.00055
6.54254 179.13601 0.05691
15.79736 179.77285 0.0451
15.88098 183.08829 0.0337
16.86982 169.34905 0.03408
14.17055 188.50645 0.0148
13.72453 169.20219 0.03466
-0.27068 186.89571 0.07284
14.17347 179.67078 -0.09808
16.0182 167.07879 0
19.82897 172.76036 -0.00898
21.03274 167.34598 -0.02008
9.04213 159.49347 0.0048
11.18387 166.45298 -0.01205
10.88751 172.54817 -0.10222
20.63198 164.10283 -0.09343
3.4135 179.58937 -0.0489
18.79125 175.29385 -0.06627
13.11342 160.03022 0.03687
19.80456 171.23099 0.08016
8.6894 183.24659 0
9.60017 179.61247 -0.10359
1.58142 175.65478 0.00439
-4.81394 179.4248 -0.026
13.88221 186.67447 0.14064
1.77607 169.24771 -0.1265
13.30847 178.2656 0.07665
15.28096 194.12575 0.01288
8.23671 182.92673 -0.02767
11.4555 177.13133 0.04753
16.61166 182.10916 -0.00969
