-95.65756 -125.8634 1.57079
-95.55864 -123.87412 1.53768
-102.53179 -130.81106 1.53473
-97.14354 -135.15914 1.49534
-95.52472 -124.69563 1.61498
-99.21462 -112.90993 1.7195
-86.39958 -139.24453 1.71644
-106.27323 -123.79561 1.43364
-86.70865 -125.57028 1.63992
-95.6445 -115.84 1.52876
-88.34833 -123.87071 1.59858
100.6082 121.50153 1.57079
102.47345 124.02372 1.62019
83.51407 110.47503 1.67455
97.86931 118.26794 1.63602
93.19259 133.3535 1.48957
107.29473 123.66569 1.51348
99.75479 111.1691 1.48227
104.67721 111.75852 1.39867
93.3169 108.53932 1.49829
88.21053 128.89442 1.51954
118.36772 124.15267 1.62351
-119.25174 121.50152 1.57079
-108.50288 108.84837 1.47129
-131.24069 125.94466 1.48749
-118.86776 114.98314 1.67434
-105.84945 122.94309 1.48332
-134.13693 119.05024 1.67856
-114.24792 114.53075 1.64865
-107.57574 128.02214 1.54007
-115.65897 116.16366 1.50004
-123.73735 125.6406 1.66834
-132.96342 124.90264 1.63579
-149.22985 -57.01923 4.04645
-140.05592 -55.4375 4.0521
-151.36052 -56.52559 4.02791
-140.94762 -51.57284 3.94313
-145.59316 -59.28848 4.00282
-146.78542 -52.11324 4.01753
-154.80542 -44.14215 4.09503
-156.83285 -54.81339 4.0846
-150.94842 -59.94778 4.06489
-147.77713 -57.16075 4.0509
-150.80439 -54.98333 4.05924
