9.0347 341.4999 3.14159
21.34603 329.25539 3.05016
3.87 344.52626 3.03454
9.89745 345.81437 3.31556
11.94821 343.60979 3.11854
2.62852 349.6377 3.2329
11.34503 353.64048 3.15473
9.51129 342.0144 3.1127
-0.49386 342.26945 3.03663
24.02083 340.82587 3.04398
4.33627 349.75978 3.03952
147.7258 117.95338 1.57079
155.84095 109.28398 1.45105
149.33612 115.0078 1.52217
151.56561 122.11239 1.58231
139.06391 113.16916 1.66105
164.02136 124.96918 1.49518
151.73129 122.98135 1.5191
145.56426 121.36166 1.68584
143.67339 132.07549 1.5264
136.58049 119.54565 1.64925
147.23606 120.24626 1.62469
291.79713 117.95337 1.57079
284.73501 110.31817 1.57823
294.58498 118.97151 1.53515
289.85141 135.75334 1.63916
269.89611 118.68417 1.51683
299.15352 119.08462 1.51757
284.65379 114.89037 1.6947
305.15244 118.17059 1.51946
282.77658 125.87963 1.54217
294.08792 133.87283 1.58798
296.84001 121.16971 1.71854
