-6.32489 183.05187 1.57079
-12.19483 193.14827 1.59158
-5.84191 170.99569 1.46193
-14.47148 181.31403 1.51369
-4.91746 197.06339 1.55373
-17.45719 177.75878 1.58166
-7.90589 192.29171 1.57247
-14.21446 189.8935 1.49563
-10.94915 177.71715 1.57143
0.21579 184.25382 1.5387
0.44766 194.23594 1.67743
3.7097 197.68629 1.57079
5.63518 194.27216 1.59715
1.337 195.66818 1.61557
8.99967 186.82143 1.53885
4.25321 187.8913 1.58051
15.36141 207.05722 1.55715
8.18862 185.73611 1.51217
-8.93877 192.55721 1.56582
8.82371 189.3364 1.47645
-2.02764 198.61969 1.5857
-3.03022 194.4586 1.70587
2.57042 208.33419 4.71238
2.57726 206.33571 4.66315
3.69756 216.31495 4.6975
2.33699 203.40818 4.62881
7.86151 207.53471 4.65969
-2.32251 206.01164 4.68434
13.05584 210.89517 4.76474
-3.86489 218.49043 4.7778
-3.32686 210.75431 4.71978
2.60561 205.60688 4.7676
7.27527 213.22326 4.64899
-1.912 147.5805 1.57079
-2.45128 146.18061 1.7136
5.16493 149.60986 1.61689
-5.41771 158.49228 1.54578
-11.0078 156.62751 1.45866
-1.40224 147.48706 1.60706
6.18428 147.89474 1.6183
-7.65974 147.00272 1.63639
10.81195 143.66853 1.50027
5.27966 152.46252 1.57206
5.31969 141.37411 1.4763
10.4013 206.02385 4.71238
0.90213 195.37029 4.73426
8.26812 188.91988 4.6949
19.49513 212.81598 4.76572
7.54953 202.53987 4.75904
10.06541 212.83991 4.71108
23.30973 209.51393 4.7994
11.93137 211.4248 4.62005
10.5987 211.27423 4.78845
5.60488 202.22461 4.70881
22.75973 200.66676 4.7736
-2.74669 143.04173 1.57079
3.22868 142.63395 1.50596
-11.94085 131.52728 1.5148
-14.55223 147.05349 1.52212
-3.04319 155.87863 1.54836
10.64539 136.12066 1.6093
-3.62183 157.0138 1.57174
-1.83626 134.4816 1.65105
-5.29279 151.94335 1.44612
-1.52194 139.04813 1.62665
-3.69559 143.83978 1.42155
