121.93779 205.81444 1.57079
124.74796 205.07604 1.5739
129.80982 212.82203 1.52605
114.98505 199.68895 1.69779
115.52709 207.33818 1.60204
123.67158 206.42025 1.48513
122.6503 207.39596 1.35493
121.9462 205.37882 1.5027
108.49051 196.8108 1.54411
116.91425 216.61947 1.76882
112.11639 201.98897 1.43632
129.39703 200.12249 1.57079
116.20798 213.44741 1.581
126.96695 201.80268 1.52482
140.28201 206.71667 1.49864
120.12703 201.71314 1.45375
129.72087 199.67582 1.61505
112.79917 202.85959 1.42751
126.07885 212.27679 1.54052
126.60872 189.54666 1.60462
136.83871 199.65052 1.63896
120.69365 196.79186 1.52105
-0.80957 62.15349 0
-2.55476 63.66286 -0.02995
-5.72197 69.00189 0.01638
8.75315 71.31939 -0.14164
1.75001 65.26995 -0.04076
-4.41417 68.78598 -0.20624
-0.08911 59.82032 -0.0801
-0.25912 63.69604 0.07419
8.60125 59.41035 0.01493
-8.41106 69.95529 0.04933
10.15546 58.59984 0.05564
-119.92444 178.79657 4.71238
-113.54167 177.48437 4.77622
-113.46509 184.40908 4.75018
-116.60854 185.6281 4.80242
-121.50925 168.47118 4.78646
-128.5897 184.5165 4.72133
-119.26391 174.2438 4.73252
-117.00951 178.18579 4.89555
-117.00295 184.56484 4.84239
-106.6974 175.63395 4.77154
-119.47195 189.12155 4.89934
129.39706 201.96278 1.57079
135.01744 213.77664 1.58058
130.56449 200.86018 1.63918
130.70474 202.71437 1.49405
128.32087 191.69767 1.69433
125.99861 199.3738 1.4661
130.95549 200.45716 1.48491
121.66496 200.00158 1.68366
132.92219 187.48894 1.46282
122.65585 195.82163 1.50223
131.05931 207.22437 1.45064
