-32.83675 174.03711 3.14159
-35.09127 170.11249 2.93966
-36.44953 181.53192 3.21734
-30.57489 172.02476 3.07061
-34.18428 173.69265 3.15626
-32.62817 179.33383 3.16975
-49.34684 171.27528 3.17956
-47.57932 172.83145 3.26
-37.26766 167.39189 3.21268
-42.4362 175.49497 3.08224
-30.71913 182.65506 3.15631
-316.28409 174.98063 3.14159
-315.52101 176.33617 3.18602
-306.05841 174.63441 3.10358
-323.08058 165.86282 3.08959
-319.70604 178.1923 2.92638
-321.88431 182.85417 3.1999
-308.11402 176.35455 3.13932
-320.88994 174.33827 2.9912
-321.39658 189.95567 3.10277
-299.44415 174.11689 3.1246
-321.9406 170.87087 3.25615
-326.27749 174.2587 3.14159
-322.31849 182.87314 3.14082
-325.40828 177.63411 3.13619
-329.84454 183.07016 3.11015
-329.60746 183.91737 3.24407
-330.86034 168.36711 3.06462
-330.70418 178.70098 3.02481
-326.89036 175.78712 3.22883
-315.25741 175.29901 3.15185
-329.21464 178.24987 3.08444
-312.81013 178.6754 3.0591
-1.15709 376.91739 1.57079
-13.85711 383.20834 1.59797
0.03824 374.98144 1.65492
-22.75401 376.28285 1.58038
-11.70029 389.00106 1.6173
-2.29347 380.90476 1.46345
7.66366 393.39524 1.47578
5.86914 374.55562 1.57161
-5.81348 388.31776 1.4758
7.29974 390.45063 1.5064
0.17878 383.13591 1.6386
318.563 168.23184 0
309.0102 170.57597 0.11372
321.24556 159.60456 0.02028
320.17742 176.8197 0.03337
309.04073 172.20378 -0.03433
324.12794 152.59991 -0.08613
313.12452 170.29746 0.06401
302.69917 159.55465 0.02908
317.94966 168.00681 0.02347
318.95209 167.98309 0.00218
319.19506 177.17062 0.03037
-32.83679 181.3071 3.14159
-30.41788 171.24297 3.11709
-40.34713 185.6398 3.27487
-30.81691 185.90445 3.34093
-26.64398 181.55836 3.23706
-27.29777 182.85319 3.0267
-25.11199 172.86621 3.177
-27.75285 185.67596 3.31619
-33.17492 185.7796 3.02826
-34.27246 196.38234 3.16886
-15.68501 190.83444 3.22276
-168.87869 151.7062 3.14159
-174.64995 147.33264 3.10015
-169.75083 143.00232 3.12935
-160.84918 156.01931 3.2387
-156.29291 142.32496 3.13521
-173.69598 155.69598 3.13069
-164.07949 152.20917 3.15683
-166.15406 148.34778 3.08562
-173.0287 159.12866 3.10482
-171.8798 150.17367 3.10615
-176.47196 159.29306 3.06886
-32.83669 180.1803 3.14159
-43.37733 182.04973 3.19025
-32.57324 177.20948 3.14101
-33.22896 183.94349 3.16094
-34.67932 179.76999 3.17085
-46.18603 182.02104 3.31283
-38.00599 187.75092 3.18785
-23.20369 174.13647 3.10156
-21.85926 178.32375 3.1674
-31.00137 189.5415 3.25203
-18.97553 192.85521 2.98755
139.7451 60.36619 -0.78539
138.27619 67.81761 -0.71675
142.46245 54.7983 5.4324
145.85785 56.15959 -0.71299
139.52044 55.43798 5.48156
145.27899 59.89623 5.41084
142.77945 62.46704 -0.68196
130.67816 63.1635 -0.75176
135.42389 63.09993 -0.62498
143.01439 61.22557 -0.64976
141.77065 52.75581 5.47921
-32.83659 185.8989 3.14159
-29.25831 197.87874 3.14064
-25.40168 177.56875 3.15641
-27.06408 196.51533 3.1231
-25.82852 181.18536 3.27409
-29.32342 186.22117 3.12424
-36.12877 192.41363 2.95097
-35.65962 195.78069 3.1573
-36.92284 181.15707 3.13003
-35.6487 183.86087 3.07146
-45.65857 187.55065 3.16249
139.7448 60.36619 -0.78539
141.77204 54.42647 5.40258
130.76064 47.07945 -0.75373
145.10362 50.07144 5.45714
136.1864 67.09225 5.45463
132.56511 54.40915 -0.74038
137.1081 55.31005 -0.77301
142.60703 65.35434 -0.7822
131.65087 46.56149 -0.71885
134.81243 64.75302 -0.77826
147.03051 40.45102 5.49338
318.56334 174.25889 0
313.09655 175.02874 -0.00745
309.91783 174.25273 0.03518
318.28881 176.0468 -0.0093
316.1839 170.98707 0.03569
316.9783 172.84989 -0.02044
322.2127 178.93866 0.05497
316.56623 184.44623 0.0642
321.43336 166.16775 -0.02084
316.84006 177.52915 0.03519
324.62655 168.72283 -0.00907
106.311 376.91738 1.57079
100.91741 368.86346 1.67283
106.92699 383.28979 1.48969
98.56479 375.72809 1.6166
94.14933 376.48973 1.64999
96.81213 380.58281 1.47491
105.07225 365.77165 1.66466
112.0477 372.44125 1.57256
100.49225 381.00248 1.55892
105.51425 370.67089 1.54353
114.70342 376.71446 1.62313
-32.83679 196.82621 3.14159
-31.08435 194.28388 3.10228
-27.77682 206.46299 3.0948
-32.89022 207.8246 3.09244
-39.1964 191.42014 3.04808
-29.56954 196.68298 3.06643
-38.56733 198.60506 3.2039
-31.60297 194.75766 3.26364
-25.69182 201.06747 3.1666
-36.79579 191.20384 3.2105
-34.43228 206.17951 3.05457
148.8371 60.36613 -0.78539
154.70274 51.76572 5.4518
150.66426 65.36866 5.43238
138.94617 58.59247 5.4888
153.2795 67.16054 -0.77233
155.08553 62.92895 -0.66753
149.96539 47.32198 -0.74513
158.55391 55.7183 -0.749
158.66067 80.19405 5.41252
157.51152 61.19156 5.49218
153.14393 66.19853 -0.78426
186.28985 25.51639 4.71238
179.39944 26.35907 4.78534
192.96235 27.89874 4.70119
190.03003 29.21423 4.87037
181.17056 31.47687 4.849
184.6987 23.94533 4.88123
177.83321 37.23651 4.62717
194.96678 30.98037 4.82439
189.36543 19.93109 4.76945
184.02026 29.78345 4.78498
188.3745 23.1173 4.83485
