11.22519 363.19969 1.57079
11.8668 372.22408 1.53444
14.26529 362.46028 1.59771
8.69635 365.88113 1.55662
8.96029 374.75781 1.65465
21.66606 370.53527 1.66078
23.32007 369.53754 1.5859
7.18155 348.68536 1.51362
11.15859 362.07077 1.53615
10.39171 359.46431 1.51929
7.28113 358.85218 1.68711
-201.02509 167.59035 3.14159
-200.11481 171.93748 3.06103
-207.69773 162.69089 3.09683
-202.31009 172.50438 3.12748
-211.56344 170.62061 3.26842
-195.77945 161.92466 3.12282
-195.95869 169.79417 3.00968
-218.42873 162.05111 3.13205
-211.13524 181.21721 3.20621
-192.47587 177.07937 3.04931
-208.0109 174.17574 3.24333
6.45019 363.1999 1.57079
-3.07165 365.21234 1.47044
-7.0468 359.19611 1.60862
-7.34334 359.8809 1.68456
-2.40705 371.81928 1.5864
9.01735 353.02443 1.56369
19.52343 351.33661 1.57747
-0.40815 347.56658 1.63135
11.70416 354.95676 1.67004
13.5734 377.08341 1.6557
11.26914 362.34191 1.5873
-147.59449 144.0741 3.14159
-148.87271 147.00113 3.19085
-148.48735 154.71689 3.1432
-147.26396 141.18702 3.16718
-151.59489 149.05715 3.18218
-153.64782 148.28433 3.13251
-151.00586 135.64465 3.19989
-144.73878 145.55205 3.08096
-151.27523 131.07188 3.10089
-150.45006 137.04926 3.06439
-159.79729 147.10925 3.13232
