146.4938 55.78098 0.78539
148.56135 36.34251 0.7872
148.51953 64.23516 0.81761
140.18589 59.79678 0.7214
142.24696 44.84674 0.70457
148.59358 63.26836 0.61701
142.75684 55.9287 0.87889
143.45443 57.46758 0.72871
154.83525 51.47265 0.8383
129.00078 61.9902 0.7731
145.4217 54.18649 0.76441
-260.54408 166.59561 4.71238
-265.52084 141.8326 4.5734
-255.5071 159.89028 4.67262
-266.61537 176.85431 4.7512
-253.44345 156.57273 4.67493
-265.16912 164.31024 4.65413
-261.56321 160.24913 4.7933
-266.23733 167.04682 4.78771
-259.13465 155.07465 4.66819
-270.32612 171.15514 4.54035
-268.08085 158.72342 4.67311
-136.60739 59.17761 0
-130.43506 54.97465 -0.12247
-137.33884 53.99344 0.00949
-136.80031 61.09725 0.05973
-143.09584 48.56057 0.03357
-137.68995 62.54889 -0.0532
-135.17078 55.1273 -0.02238
-121.04709 60.74357 0.05256
-135.95253 65.21116 0.01943
-136.84998 55.58465 0.11038
-143.38026 58.15908 0.03052
126.2308 55.33419 0.52359
131.66731 49.78281 0.34978
123.1905 54.4362 0.6367
126.15999 55.76205 0.37791
124.5223 59.96826 0.57541
118.62303 43.82044 0.47055
132.13452 48.8579 0.46666
125.92276 52.71077 0.56009
127.81518 63.15357 0.42379
125.54053 51.26603 0.57244
135.75023 44.47096 0.47073
-117.44679 55.3342 -0.52359
-112.42512 55.69617 -0.44866
-112.83371 44.24641 -0.54727
-120.42472 61.15157 -0.60411
-121.13425 57.94184 -0.44951
-120.51471 44.84379 -0.62684
-108.40364 57.78593 -0.45957
-124.24523 51.48394 -0.41869
-124.95332 57.60509 -0.6197
-127.37695 55.42374 -0.40796
-119.07198 72.66635 -0.53678
-125.79149 43.8943 0
-138.26242 50.14846 0.05174
-136.54874 49.45339 -0.04678
-122.57685 51.4444 0.00041
-118.068 50.84119 -0.04472
-121.39399 42.13199 -0.11612
-120.12109 51.25568 -0.06016
-121.99756 42.50778 -0.15008
-114.62359 50.06641 -0.06392
-132.03923 43.8344 0.01077
-127.40836 43.29692 0.06587
-100.04997 299.4541 2.61799
-88.23921 293.9993 2.7503
-96.94784 305.53607 2.59249
-114.44829 307.09372 2.73339
-96.65596 293.02845 2.63374
-103.00042 295.80848 2.67803
-99.65165 302.21542 2.78213
-101.48664 299.60602 2.56908
-104.92214 289.72594 2.66021
-90.24137 296.06436 2.51113
-95.42372 309.20312 2.58302
-252.27857 299.00761 3.92699
-242.48018 299.92592 3.92198
-246.4251 283.50495 3.87669
-259.57426 296.79523 3.88827
-244.17381 303.65551 3.90188
-243.0529 299.97821 3.98903
-250.03711 308.64566 3.91491
-250.66322 298.36016 3.9706
-257.44133 303.07921 3.92655
-263.94525 298.16531 3.83083
-264.01948 302.73599 3.7959
-141.96489 43.89431 0
-141.37442 40.09027 -0.03246
-149.56309 37.34043 0.01723
-138.16153 53.49531 -0.03107
-155.3253 58.34933 -0.08782
-149.87594 39.84275 -0.00099
-132.28766 49.41044 -0.00261
-153.08313 45.25082 0.0114
-136.13864 45.88003 -0.0319
-137.09399 60.88874 -0.14542
-142.21939 52.12216 -0.034
