-36.23962 124.18013 1.57079
-44.6836 120.66593 1.5235
-28.36996 124.17711 1.57639
-32.90056 121.26893 1.52404
-36.36935 111.91603 1.625
-53.15068 130.26437 1.52441
-44.91665 132.22997 1.62214
-45.76264 126.71589 1.60361
-34.0555 136.08537 1.56302
-40.38801 109.94514 1.59928
-38.65819 123.66086 1.56978
30.40207 125.37014 1.57079
29.59079 125.50571 1.5919
24.16951 116.25117 1.54601
30.75662 121.19017 1.61121
38.6672 129.32798 1.60627
24.4357 140.59824 1.56537
24.31264 114.39357 1.63224
35.8952 133.87928 1.57188
24.65736 133.56433 1.51051
33.52599 131.07535 1.5155
35.34808 123.54978 1.55649
