117.45859 292.78567 2.35619
115.86383 291.26448 2.30566
110.33499 302.89195 2.34016
106.64073 287.24793 2.33052
117.05034 289.95409 2.29535
126.47331 298.57973 2.32716
116.24596 276.28335 2.32099
103.55514 294.20285 2.47999
125.49437 299.00086 2.40519
126.03624 300.28883 2.43611
119.71917 296.47771 2.26209
-154.11903 250.613 3.92699
-150.63967 255.7942 3.97136
-153.5716 249.17419 4.059
-159.04701 263.72955 3.79629
-150.99206 245.44807 3.99468
-157.2807 251.96885 3.9397
-160.23501 252.5978 3.86268
-158.34438 247.03657 3.79634
-159.05716 247.51825 3.95593
-159.97688 266.13885 3.82926
-165.67685 246.42266 3.87467
146.3701 139.79879 1.57079
142.84109 137.46151 1.66255
151.40919 126.10861 1.64101
147.85028 138.3615 1.59411
140.89879 143.43241 1.59363
150.25703 148.76474 1.51311
137.74109 140.40104 1.58936
138.76594 136.7868 1.54727
130.63153 144.67097 1.73436
155.42536 147.90165 1.62978
130.34306 145.41274 1.57033
22.4334 247.21679 3.14159
1.31171 263.46383 3.09268
21.01007 247.82507 3.21814
27.73186 252.14912 3.15789
38.95938 249.64228 3.08219
32.01902 247.56575 3.10083
24.89074 256.24959 3.22344
34.27788 247.49592 3.13857
19.72525 249.5705 3.13927
17.05299 255.46417 3.1027
29.13497 245.0223 2.99724
154.9961 28.36729 1.04719
157.84233 33.10483 1.01399
149.09219 44.4277 1.09884
156.179 30.27414 1.08678
161.93896 33.80504 1.07587
159.41459 36.69764 0.93074
152.63135 37.34492 1.08689
155.119 31.50187 0.94699
139.90176 32.67153 1.06781
151.95129 28.40165 1.04657
150.3591 41.35282 0.98515
154.9961 233.91589 2.09439
151.13068 234.48452 2.03374
149.38682 226.18365 2.17359
146.19658 231.4876 2.05111
156.61633 237.09827 2.01859
141.65745 242.46857 2.10796
154.98626 235.25669 2.1594
145.66789 238.97921 2.15143
154.6282 226.30463 2.16763
162.34359 230.56097 2.14646
165.24491 226.54768 2.05871
-152.87678 229.63271 4.18879
-144.97378 218.78494 4.22715
-162.67528 233.54144 4.13759
-152.98557 227.56777 4.2316
-156.69497 217.5253 4.29003
-155.78412 226.55846 4.01949
-149.75624 234.30314 4.21427
-164.0553 219.88605 4.17826
-141.7844 220.04792 4.14641
-141.10251 227.0057 4.03262
-154.1826 229.18069 4.14327
-152.87679 24.08411 5.23598
-149.60144 32.20737 5.30796
-151.07624 26.32252 5.29453
-160.49686 17.20464 5.17491
-153.80652 21.99874 5.15933
-162.34396 33.614 5.14254
-154.40413 25.78185 5.27155
-140.49421 23.57158 5.13772
-161.42688 21.50619 5.30878
-155.61884 24.90859 5.15884
-157.64511 27.45656 5.16166
-135.92359 251.0601 3.66519
-142.23242 255.62946 3.52823
-128.75213 245.05356 3.79366
-126.77132 235.95143 3.7238
-130.71077 248.4017 3.60175
-145.18912 252.78519 3.77625
-122.93657 253.0653 3.62157
-146.93064 250.99544 3.63236
-130.40816 248.46963 3.63493
-146.55518 244.52895 3.60985
-125.71947 251.08052 3.58733
107.754 251.06009 2.61799
111.55873 257.70934 2.71127
107.97942 259.7509 2.52648
103.32683 250.51187 2.73436
116.24693 247.58677 2.6924
105.66638 249.36539 2.49193
112.60097 263.36753 2.70681
102.46976 250.80199 2.62649
98.10117 247.39683 2.66135
131.61407 254.025 2.65863
110.51737 251.56016 2.70723
-146.60919 242.38144 3.66519
-146.61059 248.56917 3.72634
-158.1804 231.45699 3.66441
-138.54577 250.64647 3.69897
-158.47178 249.55739 3.70965
-150.97501 244.76716 3.79407
-157.06138 231.57448 3.55105
-153.56745 239.73733 3.63989
-143.56586 236.36042 3.605
-144.71249 248.39114 3.51789
-140.75623 257.41114 3.67359
145.8736 15.6187 0.52359
147.18174 17.12075 0.566
142.16385 17.10463 0.42886
146.45014 21.07079 0.5802
156.70429 11.2571 0.56498
149.07674 15.818 0.54364
133.55278 18.47515 0.51126
148.19216 17.33807 0.60158
146.33115 20.87189 0.4679
141.95025 20.11627 0.44354
137.23425 8.67084 0.53523
131.31099 151.48039 1.57079
138.22109 151.40297 1.50304
124.33105 153.28216 1.59581
123.53629 154.65834 1.57833
128.82691 153.21708 1.60308
127.23801 127.88886 1.57164
136.54858 151.63244 1.52412
128.29626 149.3824 1.52691
144.36313 159.35157 1.53123
144.82885 153.27303 1.56585
142.51009 150.75849 1.60966
132.07065 118.55369 1.57079
132.10463 127.27519 1.59265
141.25467 127.40509 1.54598
129.28468 118.16828 1.60959
130.1208 128.3535 1.56983
119.16081 129.51552 1.63304
134.92305 123.73887 1.59466
127.85776 116.07922 1.5627
133.64807 108.90871 1.43674
124.41433 109.70062 1.73766
139.74199 124.43696 1.52429
65.33181 251.06009 2.61799
73.49935 237.42694 2.63396
74.23861 253.40965 2.53023
69.91446 251.23955 2.65492
62.32065 263.83022 2.64695
53.07925 246.74569 2.65638
60.45604 258.64844 2.55957
58.08918 250.99847 2.53825
63.98178 238.81981 2.68876
56.39713 252.11197 2.59648
73.05663 257.0577 2.52808
-86.89678 250.6136 3.92699
-89.22428 250.56723 4.02792
-88.66544 256.82441 3.7826
-76.81973 265.23252 3.88118
-80.43321 250.08915 3.94447
-96.83525 256.1143 4.01441
-92.13412 260.54662 3.88421
-87.65657 267.08987 3.97924
-96.56355 258.53188 3.89872
-96.97298 248.70747 3.92852
-85.81802 257.34134 3.78316
154.9961 28.36729 1.04719
141.6578 35.63365 1.0177
162.54306 32.52245 0.9552
155.29968 40.27506 0.95076
148.85289 22.89539 1.21507
164.31591 28.32404 1.13263
154.01548 27.582 1.05285
159.91048 22.75842 1.08682
158.90678 40.24639 1.10285
152.63452 29.74794 0.96415
161.21563 44.68591 1.0288
154.9961 233.91589 2.09439
158.63991 235.60528 2.11006
153.26824 233.9681 2.14657
154.97578 226.97462 2.14782
162.51875 237.97319 2.09979
142.64513 244.175 2.07699
161.12764 232.68251 2.07154
155.13445 234.46472 2.09539
161.96041 232.89807 2.19764
165.27239 219.98499 2.11486
154.79049 242.83667 2.21673
-152.87688 229.63271 4.18879
-159.00606 237.06257 4.21035
-160.58745 234.55073 4.28314
-160.73541 238.24642 4.15165
-152.63825 246.92929 4.19591
-156.67841 225.08663 4.15053
-156.71747 229.17955 4.00301
-141.43229 235.32822 4.22075
-139.73072 216.96031 4.18465
-154.82262 239.03216 4.12612
-149.54639 227.85161 4.11903
-152.87689 24.08411 5.23598
-154.42097 33.39185 5.15218
-148.40676 40.36241 5.34786
-146.47548 29.8677 5.25988
-158.26435 38.09086 5.33305
-156.2221 28.50722 5.35609
-166.02285 14.46225 5.17914
-151.24588 22.79938 5.33249
-158.83398 37.04823 5.18313
-147.70589 26.55137 5.3311
-161.55024 35.30576 5.32584
-11.19013 262.5 3.14159
-23.45982 249.44552 3.16614
-2.15954 261.45558 3.14981
-11.42404 262.2964 3.03177
-14.2404 264.96308 3.07278
-12.65377 260.59169 3.26313
-14.20801 260.2289 3.10448
-9.4975 253.54457 3.12552
-10.79114 260.69209 3.12517
-6.32717 260.08535 3.19278
-19.9136 264.59301 3.09466
54.94753 259.64449 3.14159
66.59612 259.58143 3.05428
59.44772 255.49158 3.15247
49.08021 259.1395 3.07801
64.16691 274.33545 3.13305
46.25923 269.75057 3.05631
60.79691 249.66336 3.26767
53.3152 254.98292 3.23209
58.0419 263.31355 3.15141
56.42686 250.31986 3.11629
64.52379 256.15324 3.21833
-43.15613 259.6445 3.14159
-32.30248 271.58232 3.03073
-38.62988 267.87775 3.04064
-51.67231 250.95661 3.15052
-45.35659 247.63874 3.16191
-42.91336 254.6255 3.17712
-35.54078 250.27515 3.09426
-51.66441 247.99535 2.91746
-38.96484 268.19419 3.21353
-49.72152 258.10208 3.12907
-52.93153 256.80805 3.19357
44.67987 259.64415 3.14159
44.14618 268.55522 3.20603
48.44061 255.4358 3.09356
58.84439 262.54754 3.12377
31.76757 255.92174 3.24146
54.56731 257.23393 3.13722
50.9272 251.17698 3.08678
38.20819 253.47062 3.16571
40.77009 270.30126 3.24684
43.39728 270.8675 3.09172
40.45354 254.8976 3.113
-78.82085 262.50015 3.14159
-71.55217 259.5712 3.23251
-80.88824 268.22994 3.16765
-75.04103 259.46662 3.22051
-92.17489 272.9491 3.10327
-72.94015 258.79552 3.18513
-74.15503 264.66111 3.1879
-72.98996 275.30998 2.92304
-73.21817 257.37042 3.19351
-73.93034 265.66024 3.1017
-83.89397 261.49225 3.11147
132.09992 88.32012 1.57079
139.92788 84.58794 1.56688
128.23759 93.83248 1.64691
139.57671 86.45626 1.63359
127.47771 84.95025 1.65848
128.19692 93.70084 1.6484
124.48981 94.25891 1.66816
134.17189 95.63439 1.55291
126.11721 79.86477 1.60612
131.05744 87.21823 1.63248
136.12892 89.24322 1.53312
134.95592 211.82086 1.57079
127.42109 219.73013 1.48207
133.1582 200.07176 1.59473
133.56053 201.0762 1.60902
131.73507 216.78375 1.55481
140.52965 217.84619 1.64251
126.18881 216.2651 1.57077
121.87789 209.03335 1.53626
131.01285 218.91529 1.57735
123.15749 203.38908 1.60712
135.1672 221.07428 1.56926
147.49157 229.00624 1.83259
139.65613 220.71244 1.77493
149.13133 231.07622 1.75384
147.1617 224.57161 1.69735
138.06328 228.09389 1.86413
148.80426 235.58182 1.89341
159.7758 224.93482 1.82814
134.39825 228.31365 1.91575
148.67183 220.42645 1.8919
140.35752 234.35839 1.85003
152.61217 225.0543 1.80004
144.08665 86.05681 1.30899
138.13977 96.0677 1.47101
146.16916 93.52953 1.26485
146.32514 91.54655 1.24587
138.93269 92.23007 1.30387
141.62519 81.97056 1.34398
147.86427 76.79787 1.23823
157.43297 90.27381 1.27397
151.87108 96.2423 1.30439
149.9226 90.51783 1.39238
142.90523 76.23122 1.2676
161.54796 191.05108 1.83259
152.97916 177.20499 1.83946
154.87598 189.56168 1.81517
158.43961 173.03142 1.67087
158.8236 190.84434 1.76755
159.61159 193.16882 1.92609
166.51917 194.87562 1.8017
174.50673 194.71368 1.81152
165.58303 206.19824 1.84075
165.72259 185.48546 1.81469
162.0103 183.25267 1.80018
151.93515 43.96138 1.04719
150.87709 50.32589 1.06808
170.60979 49.31176 1.21394
154.52442 47.41856 1.15105
166.60479 36.17349 1.01177
139.3353 30.67834 0.9996
150.58622 30.45324 0.97265
158.08305 45.15686 1.1392
138.79131 51.70267 0.97885
142.94528 51.75448 0.89578
146.15665 53.88782 1.0146
