-112.30018 241.66792 4.18879
-111.42085 243.20854 4.18446
-108.99335 238.85235 4.25279
-116.13835 249.74743 4.28495
-109.34674 243.32915 4.1954
-115.49014 242.90999 4.18417
-117.58023 242.21762 4.11324
-109.24477 235.02898 4.23097
-115.70262 253.51027 4.22039
-120.00511 256.73973 4.12651
-123.74331 235.0505 4.13743
-146.13917 278.02721 4.18879
-144.1817 276.25896 4.09825
-138.40767 273.62233 4.15657
-154.30131 276.47232 4.16039
-154.33257 283.34572 4.29991
-151.85161 286.70563 4.3122
-150.46637 281.81845 4.04035
-156.38214 293.33354 4.17049
-151.21461 280.89038 4.35745
-148.4927 281.04102 4.1101
-136.23992 273.45515 4.11123
-146.13919 72.47861 5.23598
-147.92209 64.42519 5.24656
-136.49436 63.60479 5.21169
-166.78792 73.8141 5.28027
-146.75358 74.11607 5.25823
-154.19271 76.93674 5.2646
-132.4793 71.3284 5.36648
-152.38478 82.09436 5.05121
-148.09348 69.59344 5.22934
-144.38548 69.77051 5.18971
-154.91551 71.86426 5.25621
128.1951 64.01269 0.52359
144.89481 60.74753 0.51193
136.73279 66.49283 0.55943
127.20641 64.00261 0.48131
129.7721 73.17881 0.60053
124.73657 61.43377 0.43477
123.98746 58.66082 0.64061
124.20224 83.3807 0.58488
132.80091 62.9706 0.46266
122.803 74.34384 0.3248
133.63573 60.03683 0.52846
-154.74774 179.16201 4.71238
-161.51741 182.4569 4.67535
-154.9764 178.63053 4.58151
-151.82605 172.16978 4.70875
-165.99626 175.34406 4.63051
-147.73722 180.20321 4.64018
-157.86408 175.75616 4.79734
-154.24286 172.84275 4.78019
-155.16672 177.51421 4.84965
-158.85695 189.45279 4.75708
-159.49671 179.09686 4.62273
-146.13907 278.02721 4.18879
-145.1218 283.11565 4.24617
-152.79444 287.28112 4.14692
-135.98161 285.89019 4.22243
-158.49966 280.84523 4.20964
-142.32117 278.03824 4.23094
-136.20347 286.05792 4.1164
-134.71516 284.8734 4.10717
-143.01639 278.7816 4.4238
-141.41225 278.91792 4.25429
-143.22149 280.50077 4.201
-146.13909 72.47861 5.23598
-152.9645 72.92544 5.17879
-157.99486 71.44432 5.16805
-139.60674 84.84932 5.42158
-142.98916 72.11999 5.29078
-143.65301 64.54938 5.16699
-140.68081 79.14073 5.32945
-144.65855 69.86411 5.15004
-148.35005 76.37317 5.30708
-153.6872 70.93669 5.25992
-145.94924 58.49442 5.15535
-42.34219 46.75 0
-40.84572 47.7319 0.07987
-38.55412 57.76891 0.03271
-30.87348 37.48471 0.09899
-51.07293 43.70909 0.04044
-36.7416 38.59272 0.08287
-41.45841 56.01196 -0.09606
-42.06594 42.49758 -0.00763
-34.15697 51.4889 -0.0166
-37.92983 45.50681 0.00553
-47.23627 55.09244 -0.05087
55.76147 46.74999 0
61.11362 50.07282 -0.08923
60.68391 47.95855 -0.08854
51.16517 52.15489 -0.00045
50.53757 45.72747 0.03121
60.38345 54.09865 -0.01675
48.25543 57.02839 -0.00302
56.3454 44.81429 -0.14474
56.7482 49.90861 -0.10244
55.01932 50.37661 -0.0281
53.82255 46.16582 -0.06703
-64.93315 46.75 0
-66.299 57.69953 -0.04427
-62.17095 31.00708 -0.10759
-65.03512 49.23683 0.01614
-58.53336 39.0251 0.02376
-66.7436 47.13489 -0.09553
-59.78806 45.23652 -0.09375
-56.84351 53.92107 0.05637
-51.34328 41.03836 0.00564
-66.52239 63.56914 -0.04349
-66.26947 42.96755 -0.01473
58.56757 43.89399 0
47.15681 42.98437 -0.10103
56.69593 41.9046 -0.00371
59.12001 41.78934 -0.07455
63.5648 43.03441 0.01259
53.29455 46.69071 0.07222
70.98127 40.67551 -0.01704
50.51623 47.93985 0.00776
58.50581 48.51077 -0.10259
67.53437 36.89876 -0.14086
56.06999 46.38577 0.01265
147.98068 277.40048 1.83259
149.28419 279.11681 1.86152
149.95716 282.40368 1.76728
141.64722 288.33689 1.87679
159.80584 276.17713 1.75154
143.21535 273.672 1.87236
155.63416 279.97307 1.80913
157.90254 276.33812 1.8454
145.78692 271.01841 1.84144
145.99542 276.05616 1.92526
152.43187 280.05525 1.72986
144.57575 134.45105 1.30899
143.07323 141.65592 1.19678
159.06179 139.16953 1.19277
137.57598 138.15626 1.40331
138.1031 146.59138 1.40166
151.2177 124.43539 1.34658
147.91039 138.58508 1.34537
138.38201 139.92249 1.285
144.63908 128.84477 1.40346
138.13546 148.58401 1.36801
131.4773 146.60783 1.28634
161.41216 245.53888 1.83259
150.93561 244.38154 1.77615
171.55102 238.75005 1.97098
154.86411 245.1875 1.79203
175.46548 247.62862 1.84077
161.78661 244.84961 1.83202
163.75283 243.95243 1.84853
166.54065 248.24258 1.84205
160.27317 234.59977 1.77741
168.32787 243.04391 1.83693
163.07412 250.97735 2.02676
151.79935 98.44918 1.04719
147.3665 87.21723 1.05423
160.43526 103.09145 1.03091
148.14435 97.40756 0.91945
152.875 90.64629 1.07474
141.74533 91.4058 0.97949
141.45304 115.74208 1.01352
158.40832 96.65474 1.06292
148.62292 101.29361 1.06336
147.13074 102.08716 1.11001
149.43734 103.34416 1.01295
