151.01457 -132.8605 1.57079
155.40229 -117.69672 1.61259
157.705 -137.74044 1.53446
159.22663 -126.02754 1.56986
150.96831 -120.34318 1.57257
139.88446 -141.10829 1.64327
145.99837 -133.17842 1.46514
147.35187 -129.47363 1.60075
146.23624 -136.12576 1.67398
143.92471 -145.25791 1.68851
159.29647 -121.46712 1.57986
149.65543 126.73939 1.57079
143.96327 132.217 1.70529
146.31282 120.11829 1.50065
147.15745 119.60533 1.57929
149.75418 114.84599 1.55596
158.72619 129.69233 1.58121
148.82236 127.38631 1.55632
159.35582 123.9774 1.58854
149.18442 129.22905 1.68064
155.60717 125.34093 1.54549
145.25755 138.05496 1.6173
-147.4407 -115.60588 4.71238
-146.97844 -110.56105 4.79035
-155.52754 -117.40615 4.82743
-146.32609 -113.32057 4.62573
-153.08771 -117.89812 4.79122
-154.12414 -106.44154 4.77664
-145.27786 -112.48023 4.60531
-150.00756 -107.68097 4.65847
-146.92671 -110.18027 4.75163
-152.95943 -105.32826 4.74067
-137.38228 -120.21406 4.74873
132.59229 -109.2344 1.57079
125.3979 -111.21761 1.55017
143.17813 -107.10632 1.57694
134.94409 -104.7317 1.60043
138.12624 -110.39905 1.66633
147.33274 -109.22306 1.5754
137.68983 -114.65302 1.54298
123.94795 -111.62947 1.51599
122.54553 -109.63063 1.56389
127.96628 -101.64551 1.709
129.11667 -104.30586 1.53108
141.1543 135.76638 4.71238
142.61994 141.36354 4.69737
154.68721 138.49799 4.6524
144.43804 132.78595 4.72471
141.30666 131.70862 4.73767
128.91094 138.12446 4.89055
136.77544 117.08425 4.7602
146.95805 140.2999 4.75401
143.94898 139.299 4.81303
136.3744 126.02064 4.7154
143.02618 148.004 4.80762
-156.99359 132.70981 4.71238
-170.39389 139.99644 4.60191
-159.01504 127.93015 4.66802
-157.71896 131.96352 4.76389
-158.74037 147.04548 4.63849
-166.06668 131.42081 4.89333
-148.39686 127.72795 4.7824
-166.34577 121.65289 4.63766
-154.72793 123.94355 4.63151
-160.05048 122.09954 4.73659
-162.27461 137.77719 4.72849
-155.4265 -123.84588 4.71238
-153.12487 -121.48763 4.69698
-154.60611 -124.47649 4.69335
-154.73002 -126.43199 4.77947
-149.41031 -115.7852 4.86057
-149.10136 -125.3584 4.8194
-153.96838 -125.18928 4.65518
-166.34097 -127.98142 4.72471
-152.97827 -120.27896 4.75367
-152.8936 -128.42641 4.69631
-156.31179 -128.30291 4.67038
-173.64 -13.24478 4.71238
-171.22993 -20.86203 4.62627
-182.74125 -14.98429 4.86436
-165.63464 -12.62891 4.56581
-171.408 -6.71945 4.66447
-166.88168 -5.86687 4.75007
-172.34618 -6.57312 4.8013
-167.91674 -13.7685 4.79339
-175.90086 -17.47384 4.69039
-169.05175 -9.96386 4.81508
-166.67325 -14.3212 4.54917
-9.41178 145.5115 4.71238
2.98009 147.15031 4.69698
-9.18469 144.95384 4.73478
-14.88489 140.78791 4.67169
-20.92001 151.07983 4.55709
-5.27876 132.23241 4.87573
-4.68697 139.75203 4.6898
-9.58394 132.3075 4.74119
-13.46809 137.86466 4.66291
-9.34863 138.26611 4.74913
-9.26405 148.00138 4.65084
-144.28385 -88.95318 4.71238
-150.14038 -87.20391 4.69061
-143.07627 -93.69025 4.73383
-137.01226 -81.83121 4.77117
-139.9263 -86.38448 4.7002
-141.95551 -76.84214 4.73469
-154.4043 -74.09271 4.81236
-133.89274 -94.42147 4.73465
-138.44344 -97.38716 4.71051
-136.44242 -80.66959 4.76407
-142.7906 -92.03714 4.61042
-13.88019 -135.43089 4.71238
-9.53902 -132.80564 4.57512
-29.02451 -143.82678 4.8026
-3.92216 -140.75031 4.63086
-20.48901 -128.74269 4.74481
1.64369 -134.45834 4.61147
-16.09001 -142.81591 4.76117
-19.25889 -147.46574 4.55566
-21.38962 -140.23707 4.7545
-12.7481 -128.96854 4.76089
-22.30885 -138.49443 4.64332
-154.75831 132.39801 4.71238
-155.73399 127.99485 4.70527
-162.99084 134.97157 4.68436
-173.33935 140.8862 4.7097
-145.81006 137.14114 4.67187
-164.71005 135.95297 4.63745
-145.48875 132.33487 4.72891
-156.20644 136.32167 4.74612
-149.49482 137.12315 4.75332
-153.66524 125.23819 4.70021
-151.16098 120.53949 4.6244
164.5188 -129.53371 4.71238
169.15683 -122.31318 4.64934
170.80809 -138.42042 4.57995
164.06673 -135.80981 4.64523
165.14145 -132.49685 4.64256
174.92309 -127.03698 4.78111
160.84994 -124.6204 4.61387
165.02512 -128.6804 4.66225
165.4672 -128.90108 4.7825
161.78537 -118.90934 4.75317
160.91477 -127.48541 4.7486
155.78765 -6.25191 4.71238
167.29071 -6.62487 4.75605
155.22817 -7.99442 4.75637
154.2999 -4.55975 4.74203
165.30404 2.69512 4.68621
154.41924 -9.83561 4.71518
163.49631 -5.58848 4.71884
153.94792 3.99045 4.59988
162.83872 1.47513 4.72578
156.98095 -2.58081 4.71729
157.62165 -5.00951 4.69493
