-66.6417 -1.19001 0
-73.87362 -5.2381 -0.02819
-84.17745 -7.37254 -0.001
-69.58577 -12.44669 0.04709
-64.55581 -1.41003 0.02465
-70.74119 -13.69775 -0.04274
-70.16767 0.05371 -0.12824
-70.47122 -5.23626 -0.00046
-65.5278 -12.09166 0.03468
-63.73055 -10.24057 0.03288
-54.58003 4.23704 0.10211
66.6417 1.19001 0
76.8986 8.11564 -0.06056
64.66957 -7.6095 -0.04601
66.46662 1.13728 -0.02531
70.34473 4.29782 -0.01449
68.23233 4.40837 0.05995
58.90573 -0.11518 0.06577
78.83213 11.07446 0.09742
62.49703 11.97385 0.0462
61.05458 0.80051 0.06108
73.61421 -5.929 -0.06393
-77.80859 1.3522 0
-88.36809 2.89569 -0.09428
-77.08517 -5.1289 0.03853
-75.4739 7.70937 0.01355
-81.45496 -7.513 -0.03561
-83.12109 -5.15838 -0.00285
-81.88142 1.21262 0.0311
-87.77265 10.0461 -0.1293
-82.83986 10.62036 0.07382
-71.19315 0.94934 0.05998
-71.89044 9.66758 0.06017
77.80859 -1.3522 0
87.68539 -9.46999 -0.07221
80.94986 8.97879 0.0726
70.98117 1.86968 0.05532
80.20154 -0.78272 0.06626
70.56296 -4.72437 -0.02403
73.12493 2.24144 0.07261
71.68527 3.99881 0.04049
81.77165 2.74859 -0.05728
85.53875 -0.86659 0.07956
83.39747 -3.68069 0.06181
