-7.37882 197.28299 0
-0.65287 196.69323 -0.02619
-4.25572 203.84956 0.11077
-3.53858 199.03449 0.00081
-7.72083 205.15998 0.00776
-12.24893 204.80828 -0.08183
-7.61613 198.32072 -0.0649
-18.37529 210.15463 -0.03577
-5.54258 184.8876 -0.02273
-0.87646 186.24421 -0.0063
-0.16098 195.52642 -0.22184
-12.79202 200.98802 0
-24.56959 189.01708 -0.05972
-20.16728 193.51826 0.01751
-3.29613 201.79484 -0.15687
-16.26318 186.82682 0.1071
-16.54123 197.81338 -0.01441
-21.1256 206.90183 -0.02248
-11.37098 200.96009 0.04624
-21.17989 203.63916 0.03335
-15.4028 207.48754 -0.103
-22.22801 205.13949 -0.08884
