132.54623 -128.28009 0
134.45382 -123.57375 0.03824
134.12071 -119.4174 -0.05511
130.1772 -117.69605 -0.05528
134.5574 -136.5179 -0.04669
132.80316 -121.56984 0.01156
142.17562 -129.08906 -0.00922
129.51428 -126.44688 -0.03706
129.82606 -132.72953 -0.0425
130.18123 -135.93115 -0.12462
116.38275 -131.55227 0.11289
115.0505 -123.3703 0
119.27767 -122.38254 0.08427
117.51167 -116.98825 -0.0712
106.53609 -114.90943 -0.09404
119.56577 -123.57688 -0.01086
115.57345 -122.04588 -0.07077
114.80877 -133.30236 -0.01045
119.97159 -133.6385 0.04518
115.01224 -114.45772 0.00886
136.53957 -116.91885 -0.10691
122.49777 -122.93476 0.09107
137.04485 -133.86819 0
150.01434 -127.6087 -0.06983
136.95629 -121.73698 -0.12024
131.59175 -124.97451 0.0888
118.06092 -143.3577 -0.03867
140.30904 -140.17058 -0.01182
133.36413 -135.7299 0.11362
128.55295 -149.31586 -0.05821
130.93237 -136.31903 0.05716
146.13279 -132.96478 0.01622
137.54326 -131.45852 0.12161
-125.2318 144.52129 0
-119.24502 137.03454 0.06961
-130.04068 156.31019 -0.011
-129.01234 150.9517 -0.05731
-135.14828 158.31881 0.09841
-135.95559 149.45926 -0.07522
-117.36063 135.44527 0.10145
-139.14598 147.95504 -0.01813
-133.28276 134.59772 0.07959
-128.97232 142.17386 0.00483
-117.27987 149.84634 0.06
139.41289 143.5452 0
156.08181 145.02166 -0.01317
140.58019 141.20029 -0.21964
129.12167 152.57758 -0.06671
136.05763 149.25946 -0.03239
131.94891 132.00568 0.0468
144.41093 128.09264 0.0364
145.13327 136.78886 -0.00428
140.00796 147.51286 0.24191
136.51597 144.58504 0.03031
143.7267 145.79622 0.01734
134.38799 -144.254 0
129.98925 -147.03647 -0.04974
145.81186 -149.72088 -0.03443
138.28653 -151.41319 0.09888
136.28644 -132.79678 0.03579
139.25421 -154.31917 0.00131
137.84488 -140.82561 0.0496
139.56608 -156.93874 -0.01907
119.8646 -144.63398 0.01051
131.09464 -135.11924 0.03607
139.98506 -150.18318 -0.06746
126.80259 14.32976 0
126.56518 25.21098 -0.08147
131.80261 13.97873 -0.01826
123.99336 8.39845 -0.00635
133.14178 14.78442 0.0967
132.85293 5.89042 0.00213
120.45705 15.844 0.06593
125.1719 17.6715 -0.01299
118.78915 23.22202 -0.07795
117.11475 16.39947 0.09283
129.43993 12.94627 -0.04049
-130.383 -125.24573 0
-131.16565 -118.31272 0.03852
-132.22403 -131.93485 0.0079
-130.48725 -116.53593 -0.13914
-145.39264 -125.27091 0.00869
-137.59854 -125.33355 0.06209
-135.45944 -119.5677 0.00045
-127.9169 -122.43927 -0.00727
-117.79145 -124.47617 -0.05194
-151.0696 -121.04009 -0.00921
-130.56903 -113.16835 -0.16049
-16.90566 162.11365 0
-14.9054 164.47677 -0.00111
-4.38085 163.70018 -0.04618
-19.32256 160.4232 -0.02831
-11.28221 154.66 -0.02831
-24.55709 158.57301 -0.09996
-4.43492 170.83715 0.14378
-9.28936 159.7751 -0.00731
-28.12053 171.21214 -0.02823
-30.61901 159.33779 0.10852
-15.47127 167.26345 -0.02558
134.14202 -139.98137 0
142.52083 -136.49496 -0.05803
133.91161 -147.81024 -0.02422
130.51548 -144.33347 -0.13977
132.46758 -138.32388 0.07714
132.68195 -150.85456 -0.00014
130.9275 -134.89596 0.02537
133.26055 -142.25198 0.06777
129.43677 -123.27679 0.00444
137.18373 -138.90078 0.05989
134.54415 -126.83438 -0.14478
139.50379 -141.7103 0
139.7399 -141.16788 0.14149
129.69559 -150.92534 0.03069
131.66825 -140.85269 -0.00142
139.64597 -133.87291 0.05358
139.36934 -135.18987 -0.05509
136.26116 -142.76635 -0.0352
137.22088 -135.15241 -0.0471
125.16249 -149.8128 0.09389
136.94159 -150.59771 -0.09648
142.38921 -140.51807 0.00648
-120.31359 133.39029 0
-113.41401 140.61874 -0.10149
-123.18231 136.3385 -0.00499
-119.89937 135.27138 -0.07302
-116.01185 136.37547 0.17136
-109.3118 143.61252 0.19195
-120.0569 141.02586 -0.02941
-122.94111 131.21134 0.03617
-122.5782 128.76346 0.0473
-122.56321 128.81952 -0.00652
-121.96366 134.33588 0.05276
