248.9511 194.45888 1.57079
257.13249 195.21262 1.66271
248.33312 196.62079 1.68704
242.39661 191.99646 1.54905
248.93615 196.0715 1.57262
247.67328 197.89139 1.631
261.42292 197.27339 1.59829
247.65226 188.34897 1.61739
261.82357 187.74408 1.7
247.00284 195.33021 1.55522
238.96068 193.67705 1.42616
-9.04889 196.5782 4.71238
-10.53513 205.22204 4.64615
-6.19021 204.82953 4.59977
-13.70687 190.8555 4.58907
-11.07192 199.57111 4.61907
-9.0536 196.26489 4.73911
5.47049 193.90492 4.74256
-11.06578 204.97754 4.79253
-10.59193 194.3665 4.76956
-4.43625 206.39537 4.74344
2.51676 193.9686 4.65819
-9.04889 197.3503 4.71238
-10.75916 204.09813 4.66245
-16.11529 199.2781 4.72051
-2.13475 198.91475 4.84923
-8.75629 199.38122 4.76364
-19.27496 194.86256 4.75665
-11.85346 201.09172 4.75556
-19.02418 196.16086 4.66376
-10.26272 188.61796 4.80808
-2.70361 194.80334 4.64083
-1.48293 194.90397 4.77271
248.951 194.45888 1.57079
257.34156 206.20229 1.71923
248.50659 194.92881 1.71888
254.69424 204.66758 1.63428
248.13973 193.50206 1.53953
252.45285 200.48026 1.6343
247.1409 189.36771 1.49811
252.42746 195.17422 1.68615
249.89812 185.87346 1.53238
249.81115 197.25995 1.43318
244.29166 197.95924 1.52794
-9.04899 196.5781 4.71238
-12.72208 202.05977 4.62135
-14.09315 197.35299 4.88837
-5.89804 195.11459 4.66413
-3.89632 187.46518 4.57814
-7.40096 203.44483 4.80955
-17.95365 196.07511 4.80386
-18.11066 196.40675 4.6811
-4.81981 194.38024 4.57298
-2.56621 195.02581 4.77472
-24.51103 196.9309 4.81722
248.9511 190.71044 1.57079
238.40643 197.52406 1.56446
250.29563 195.92892 1.54425
227.77606 199.02796 1.5435
247.98382 192.40952 1.60307
249.23957 190.65592 1.73145
250.47824 188.46117 1.48014
257.27317 187.2463 1.56485
264.82105 185.00405 1.60997
251.62633 194.96058 1.55332
246.83538 184.0313 1.52148
-2.95538 255.6784 4.71238
-18.19527 248.37897 4.7685
4.15399 264.75987 4.6035
-17.22552 249.83528 4.76796
-3.48992 251.55439 4.66073
1.94464 268.7143 4.72433
-7.12392 262.83816 4.81761
2.13523 248.09485 4.79651
-6.43118 266.87774 4.65264
-1.89245 243.81837 4.80042
-0.11363 253.72907 4.80081
