-177.57735 10.31953 4.71238
-173.56523 10.29969 4.71686
-173.56836 25.65661 4.61866
-166.21465 13.79438 4.7484
-163.90378 12.53668 4.76061
-176.21905 9.21468 4.80727
-168.66852 11.55532 4.65129
-177.21341 22.23954 4.6488
-181.77059 14.73512 4.79829
-173.07827 -1.79675 4.78674
-171.42297 12.6863 4.76841
-171.92199 0.69671 4.71238
-162.33665 24.90273 4.68648
-179.08651 1.94658 4.81544
-187.00876 -11.0949 4.56561
-163.95181 12.77561 4.5966
-175.74421 1.31542 4.76782
-167.03874 3.15029 4.64904
-184.63441 7.96265 4.70455
-166.39877 17.03011 4.81469
-182.30824 -8.85165 4.65642
-182.55548 -10.77242 4.69111
-180.81119 12.86611 4.71238
-185.1169 15.06586 4.84815
-192.02343 12.35281 4.77433
-165.50627 14.55795 4.61534
-184.62742 3.39607 4.73861
-177.99819 9.636 4.68825
-188.18579 6.58557 4.59026
-181.08794 1.21264 4.73745
-187.35345 0.59945 4.79547
-183.14194 7.99767 4.75292
-176.70186 18.1279 4.77067
-162.16971 -15.31364 2.35619
-172.53042 -6.52218 2.27206
-162.76105 -12.36617 2.34413
-168.34707 -22.21795 2.36897
-160.74087 -14.46205 2.30575
-146.67534 -17.40951 2.38059
-159.11183 -9.41839 2.26434
-165.42319 -18.45211 2.29096
-164.71078 -18.84954 2.3579
-159.74956 -20.53926 2.21779
-162.34755 -20.80247 2.32726
-155.78047 14.5866 1.57079
-149.08646 16.98853 1.609
-165.91153 9.41994 1.60003
-155.48608 17.93538 1.52247
-160.56826 2.879 1.5651
-154.27316 15.0721 1.65815
-148.29545 18.16088 1.55596
-157.79204 14.81087 1.52519
-163.57927 6.24474 1.61036
-149.47817 8.42816 1.69327
-150.01883 17.88782 1.58893
-194.38705 17.82968 4.71238
-197.85931 7.934 4.69405
-193.80385 27.15647 4.75006
-199.70181 21.80025 4.6411
-201.79823 27.27143 4.63806
-186.01596 14.62177 4.76201
-199.43884 15.48192 4.73005
-199.57148 24.39499 4.80926
-194.99484 28.58829 4.79966
-191.17022 29.73649 4.70091
-196.52851 22.48142 4.56305
-167.93391 -22.74849 2.35619
-171.17744 -20.81994 2.31181
-174.45317 -36.14262 2.37087
-168.09988 -25.75841 2.3249
-157.16617 -25.45548 2.24249
-166.31849 -34.90953 2.34663
-171.37234 -28.29527 2.3297
-163.17977 -12.71584 2.41344
-173.20362 -14.12352 2.19997
-160.07707 -15.54282 2.2968
-167.57853 -16.03054 2.39293
