-1.37074 46.72592 0
8.37898 40.37801 -0.01556
-3.11414 47.42024 0.05837
1.89061 42.24303 0.03058
6.59734 57.41151 0.10058
6.83583 46.3445 -0.12611
0.2144 54.85995 0.15074
2.32336 46.40546 0.07616
0.18272 44.30969 -0.0063
3.77777 42.68287 -0.09104
-1.63828 42.33993 0.02668
-99.60919 349.45434 3.40339
-99.73757 354.05479 3.33184
-92.38715 347.0793 3.51401
-95.91298 342.41749 3.30586
-88.19515 345.00486 3.43702
-108.03695 345.08418 3.37467
-102.18221 346.00614 3.47361
-113.53064 343.7429 3.54397
-100.70259 351.4224 3.29296
-109.67521 353.4985 3.50713
-96.37665 349.08258 3.45768
43.34023 346.04943 2.87979
50.65925 338.45156 3.04025
50.43224 349.03358 2.67065
33.17909 333.50509 2.72201
42.08225 345.9132 2.90096
42.45506 344.66856 2.90402
39.01504 340.14598 2.83507
50.28228 340.18241 2.8299
39.89325 336.4652 2.81083
28.46705 346.64531 2.93445
47.66772 345.09766 2.91934
