-7.42888 139.81729 0
-14.58784 131.78986 0.06766
-14.90538 141.09146 -0.19999
-9.60052 141.94462 -0.04592
-1.37091 132.67568 0.06156
-0.39439 148.66675 -0.02236
-14.78866 142.83528 0.02919
1.74705 136.68544 0.07149
-8.7031 145.03592 -0.0177
-4.01661 140.04472 -0.04253
0.64797 149.30397 0.00431
-2.24086 135.71356 4.71238
1.31115 142.38273 4.58832
-9.06339 130.39992 4.73145
-3.90534 138.29267 4.64887
3.27004 139.00986 4.63043
-11.15966 142.90702 4.79844
0.40203 130.64972 4.59712
0.73517 132.72633 4.55865
1.24342 129.02805 4.86683
-0.44116 133.64588 4.69308
-10.90085 143.33687 4.72118
5.3199 126.34529 1.57079
-2.41824 118.45615 1.62553
14.82226 132.38919 1.57301
11.48345 120.84992 1.51387
9.90805 126.03822 1.51695
-6.95705 133.85099 1.56188
6.94268 121.68335 1.58038
7.50853 129.50404 1.56988
18.81305 124.77499 1.51573
-3.12972 134.32168 1.55128
3.94607 116.21547 1.45472
-2.83948 136.77587 4.71238
-8.5316 131.61425 4.80129
-0.02299 137.44986 4.70819
0.10382 139.63816 4.69823
-3.22385 142.24402 4.5899
-0.83729 135.72242 4.78966
-7.51391 147.7289 4.74119
-6.90369 133.61125 4.72057
-5.78714 143.36924 4.79434
3.47491 146.0257 4.69833
-4.41891 139.32027 4.72234
-6.56925 135.1295 0
3.06085 138.18961 -0.02509
-2.22898 153.5942 -0.09563
-2.92828 137.37365 0.03998
-8.10848 135.65101 0.06767
-3.56409 130.38957 -0.01171
-9.22162 138.96938 -0.15232
-5.32695 137.10397 0.04467
-1.35047 132.96652 -0.00403
-5.12685 127.70596 -0.01809
-6.83211 136.08536 0.12021
-1.02239 142.0588 3.14159
5.65856 158.22925 3.06864
-3.66624 135.39133 3.06992
5.51716 151.25032 3.1613
-3.47709 145.49476 3.11826
3.51992 153.00714 3.14536
9.19902 146.70064 3.03125
0.40975 143.70067 3.20327
-2.3796 145.17249 3.0227
3.397 149.89207 3.07479
-4.05444 139.18944 3.08056
-9.96344 141.6287 1.57079
-4.97177 141.87266 1.4383
-2.03562 138.23379 1.59585
-17.90633 140.03384 1.43543
-8.43178 153.64472 1.45636
-8.30805 152.01522 1.57155
-4.47157 136.97288 1.56752
-2.64773 131.41221 1.51311
-4.43911 140.78332 1.63503
3.33749 141.21808 1.62738
-11.03636 129.65231 1.452
-2.48699 131.77979 1.57079
5.45396 132.85308 1.65189
0.87006 128.30242 1.54965
-13.06789 134.29709 1.57363
4.75859 131.27029 1.57709
-6.75954 124.99683 1.58571
-12.76206 140.23842 1.44148
-7.90183 124.35229 1.5896
-7.33721 120.12938 1.64692
8.53379 138.33229 1.63957
-6.51359 132.46126 1.77978
4.23555 135.48699 0
-4.61558 131.42176 0.00424
-12.01932 141.94901 0.01025
2.89538 133.10846 0.08212
-4.68813 133.75937 -0.18899
7.44951 137.47533 0.09378
10.17063 123.3525 0.06918
1.52464 129.9402 0.11838
21.37828 143.32273 -0.17582
-10.89285 136.70196 -0.1482
1.93105 135.86987 -0.13021
-0.97473 142.18909 4.71238
0.38925 128.05692 4.63485
2.29475 143.11094 4.75287
1.19815 147.17461 4.73931
6.26822 137.4663 4.62888
0.14247 136.77046 4.8629
-3.83725 148.17502 4.65854
13.71479 134.7255 4.61615
0.37365 144.05457 4.57974
-5.86202 131.43031 4.65567
7.90785 140.39167 4.72362
7.5265 138.82239 3.14159
1.39075 144.0977 3.15614
9.74112 142.40912 3.12081
13.46659 131.22889 3.19382
10.36636 135.15157 3.09402
6.62056 136.69042 3.16072
-1.53301 122.5175 3.02711
12.87356 139.99855 3.16775
-4.40676 135.74018 3.16942
17.46432 143.20878 3.12819
2.29101 127.56372 3.1161
-2.2633 141.6676 0
10.62393 146.40101 -0.02129
-7.54996 144.71785 0.08967
4.53811 139.55041 -0.04233
-1.25163 131.22206 0.04914
-14.8858 138.36741 -0.18442
-13.8548 142.38683 0.00369
8.47654 138.21271 -0.07165
-0.41733 134.61921 -0.07005
-7.80335 151.98978 -0.0216
-2.47972 143.54797 -0.08365
