5.59532 110.18819 3.14159
5.50055 105.14837 3.15909
5.6016 110.21913 3.05536
3.11134 105.71542 3.18121
4.22284 111.19246 3.32442
-6.68187 121.73265 3.10007
1.53479 101.20223 3.08524
4.22196 97.65941 3.14588
18.87905 112.67844 3.02358
6.40921 97.94686 3.13587
2.74208 115.03562 3.15963
0.39633 103.15818 3.14159
4.2135 94.76838 3.08918
-4.8016 103.31972 3.18217
0.12452 101.87043 3.06484
-6.95421 102.73617 3.07371
9.73213 96.22715 3.15947
5.62836 107.95204 3.23264
2.38927 105.47163 3.22783
-3.94528 97.58493 3.13485
7.35298 95.44399 3.18428
13.79691 105.09652 3.17165
