-136.42414 178.38054 4.71238
-144.42901 184.44016 4.71741
-122.23145 182.11237 4.68351
-137.55889 191.71644 4.67531
-139.58458 190.26264 4.69319
-135.203 176.67046 4.71038
-128.02816 182.82108 4.57688
-145.98575 174.02032 4.59157
-144.25984 177.78342 4.57836
-119.74127 168.89039 4.68016
-139.62021 167.4431 4.82769
-135.07194 256.18914 4.71238
-131.08928 251.11777 4.67695
-140.2306 247.73069 4.82039
-129.37089 265.08361 4.80716
-132.58564 236.84149 4.76553
-140.20047 243.74641 4.70234
-130.7732 264.63888 4.65313
-151.40921 260.40347 4.67811
-141.66022 253.88863 4.68967
-126.92964 260.08322 4.77573
-131.56016 257.51297 4.6181
