-0.47644 159.3713 1.57079
9.59246 157.50782 1.50284
0.8815 164.68467 1.50058
5.14128 166.4141 1.48213
1.26267 176.79774 1.66608
0.20111 158.55647 1.45209
0.90437 162.12089 1.6174
-0.86527 170.33799 1.50391
3.54286 168.54699 1.58531
-0.45371 161.75981 1.51544
9.48487 167.94727 1.41422
5.325 143.81359 4.71238
-7.29393 134.44418 4.7838
4.24903 146.51781 4.72091
12.86322 133.45821 4.71078
-5.15184 147.97191 4.69479
14.08714 137.47328 4.64712
7.91374 150.04832 4.62907
-5.2142 130.14837 4.73081
9.99211 153.8966 4.6522
3.27359 133.03806 4.75306
5.09657 148.3156 4.61286
52.3254 136.26309 3.14159
46.94123 129.82297 3.0994
50.20323 136.03792 3.1067
58.19823 134.43603 3.11389
65.83024 139.19798 3.13179
69.30076 149.37732 3.04383
52.33637 126.41594 3.14533
49.62919 142.55078 3.15459
51.16461 136.30921 3.06062
57.18784 159.22096 3.20619
51.98649 127.98271 3.32709
-54.76229 136.2631 3.14159
-51.73356 145.58838 3.27535
-62.75013 150.76409 3.17155
-41.85747 139.38539 3.04814
-42.51468 149.02728 3.07444
-47.57638 131.74594 3.10796
-53.00368 136.47453 3.12802
-48.57181 128.7441 3.12567
-50.86198 131.05288 3.07075
-55.25419 139.70453 3.1086
-59.98015 126.93687 3.07718
16.14744 159.60217 1.83259
15.6742 152.7155 1.79414
6.69978 157.68766 1.86942
10.89898 165.52969 1.82919
12.12811 165.77307 1.77967
20.08062 164.84222 1.81246
8.59632 164.39107 1.89713
21.40502 163.923 1.81043
22.04845 159.18187 1.70578
15.33275 159.76863 1.83309
18.82985 169.20533 1.8506
-42.0838 167.44038 1.30899
-37.80426 181.62281 1.39512
-38.23427 155.42021 1.26629
-49.32357 171.44908 1.25739
-45.59166 166.4545 1.21894
-42.36356 175.02379 1.36983
-44.72975 176.97862 1.41668
-45.58634 169.57752 1.30143
-45.83397 161.40408 1.36106
-45.55968 161.77884 1.23915
-41.68966 159.14857 1.30999
1.6819 154.61271 1.57079
-9.88406 151.73831 1.59556
12.36757 150.78996 1.5811
-6.88581 149.35545 1.56958
-0.94545 160.93584 1.59659
-4.8985 149.08002 1.59165
6.58605 159.13893 1.38286
5.03833 161.55233 1.62067
-13.2102 153.2826 1.54132
7.43813 149.47995 1.56062
3.55995 140.80988 1.43494
-58.29805 128.3547 0
-57.67849 122.83957 -0.07864
-62.56852 119.78818 0.00505
-57.18028 139.14846 0.01806
-47.9053 130.33954 0.0467
-57.25161 135.24637 -0.16274
-56.56541 129.00358 0.06462
-55.35755 139.35167 -0.05312
-55.92421 130.78136 -0.07444
-51.77741 128.94836 0.10163
-69.26097 132.31327 0.04703
85.77327 128.35469 0
100.31691 123.58208 0.30999
80.38351 136.79081 -0.05746
81.56055 141.45231 0.03636
76.55734 110.16994 0.09228
81.36397 116.90527 0.01139
79.05059 121.47032 -0.0829
84.45352 128.35981 -0.02868
82.0108 138.01698 0.02915
94.26856 124.11773 0.08363
84.20147 126.78274 -0.08051
