51.04739 256.97965 3.40339
56.1089 264.4388 3.3821
61.63667 254.16596 3.30691
49.6436 256.70135 3.51891
46.39514 257.26432 3.45787
29.65011 257.71654 3.40373
46.97855 258.16556 3.39735
39.99261 265.70944 3.40516
43.1573 254.05497 3.47788
45.46495 261.58909 3.3004
52.36252 261.62382 3.41772
198.13709 247.36685 2.61799
191.54181 233.04577 2.69048
199.5322 251.7983 2.6075
195.05832 232.89927 2.47471
188.96885 245.44744 2.67988
205.4658 254.38423 2.56753
195.54919 250.44509 2.65472
195.5341 246.58973 2.60852
200.53178 243.42808 2.61664
205.23051 247.48694 2.66069
198.25953 247.85079 2.67499
