60.94041 141.00779 4.71238
57.98729 142.02439 4.78222
60.16677 139.69448 4.75076
50.93052 146.90663 4.76098
54.05682 146.51583 4.79041
50.0834 148.05722 4.64686
52.1765 138.23091 4.78888
70.23178 145.64086 4.84376
71.88049 146.33175 4.70477
67.65966 122.98337 4.7346
60.53345 130.88806 4.72524
-39.78488 141.0078 4.71238
-57.0589 148.07708 4.61792
-31.22982 143.11023 4.7481
-34.1738 143.23573 4.61612
-37.67351 138.12893 4.54853
-31.94284 136.32998 4.72162
-52.49133 133.70528 4.73916
-42.40547 141.57674 4.61699
-44.0226 129.04163 4.745
-33.74564 132.94833 4.72456
-26.12304 134.19622 4.75555
-1.49999 161.69299 3.14159
-9.24835 158.10189 3.12399
-6.78586 165.59548 3.0928
1.75302 168.50232 3.19151
-10.97065 167.38258 3.22804
0.35991 161.3577 3.14609
3.1153 169.39367 3.06581
-4.71727 161.77722 3.12374
4.49596 157.76443 3.09365
-1.68534 161.83746 2.99878
3.46598 150.1073 3.11693
