-213.81698 134.49966 3.14159
-226.31762 125.44034 3.248
-220.103 153.99452 3.23216
-210.40922 143.84394 3.20086
-221.09625 130.32275 3.11012
-198.27397 141.75709 3.15132
-211.90076 129.86958 3.08631
-212.95091 127.7337 3.15071
-215.65718 139.33387 3.17776
-226.16929 139.80011 3.11042
-217.5503 139.884 3.10085
-147.17528 135.68968 3.14159
-151.35971 147.6033 3.18534
-159.18753 136.27422 3.09125
-163.24627 134.42217 3.08519
-151.24954 137.15876 3.09393
-151.13712 144.33122 3.0023
-162.54876 138.0703 3.02672
-154.94363 136.92867 3.17943
-149.44979 142.76632 3.28635
-138.71294 130.6219 3.18027
-151.715 132.55071 3.26953
-199.71399 135.58501 3.14159
-202.15593 129.16435 3.23753
-204.74328 144.41022 3.19145
-186.9369 115.09459 3.29773
-188.55323 119.54765 3.20085
-210.10302 139.6423 3.11757
-197.03338 132.42095 3.25648
-208.86565 134.36287 3.1495
-184.28896 128.98227 3.27578
-195.27188 141.19978 3.09978
-197.58708 140.50935 3.21916
-121.90539 134.2328 3.14159
-129.92138 144.95746 3.20196
-129.25919 131.08986 3.14124
-126.38768 140.42315 3.09889
-122.39181 135.71102 3.12886
-135.06793 128.58636 3.03142
-119.54931 134.93437 3.20804
-126.45082 132.96333 3.10371
-118.92899 147.47679 3.02733
-130.41613 145.93696 3.25135
-118.74008 132.17135 3.35263
