-122.02189 40.8865 5.49778
-122.01804 30.36299 5.44502
-123.08516 38.31099 5.4624
-133.66684 35.91525 -0.74648
-117.09132 29.75545 -0.72641
-127.96316 52.85829 5.46765
-121.49484 37.81772 -0.67892
-128.90284 56.46491 5.44295
-109.60993 46.60122 5.47034
-129.62765 42.68419 -0.77509
-126.33374 30.3582 5.37871
-125.08959 60.5376 5.23598
-135.19684 69.52059 5.24721
-126.80467 61.07672 5.0858
-124.99387 59.93156 5.12998
-121.35378 60.1844 5.26709
-119.67517 48.36079 5.23311
-119.27109 52.04603 5.38268
-122.56503 59.03358 5.28811
-130.92957 60.46657 5.06575
-120.67482 69.8008 5.23049
-131.79676 53.85238 5.32835
-125.08958 304.2152 4.18879
-123.85033 310.74288 4.14252
-112.01026 299.31376 4.15342
-126.87316 308.06498 4.2251
-124.8918 294.48806 4.30235
-122.23244 311.2568 4.16075
-132.37641 301.65056 3.99222
-126.66645 303.24998 4.28376
-134.52166 313.8927 4.05613
-131.67334 298.55672 4.10606
-121.1881 319.55418 4.12142
-110.14115 60.2254 5.23598
-109.15556 53.56991 5.17246
-93.63161 67.96858 5.2481
-107.07378 49.87427 5.17759
-101.21061 53.8174 5.13665
-93.80786 54.13347 5.09179
-104.7206 55.06864 5.19621
-112.47317 71.4086 5.20145
-122.75559 64.97634 5.25129
-99.32067 70.99623 5.23225
-111.86839 79.83206 5.28055
-125.292 210.7219 4.18879
-125.35474 214.57515 4.15624
-111.6383 212.57451 4.30679
-126.41529 207.53236 4.17575
-125.48227 213.17177 4.27527
-116.93531 198.96509 4.23329
-114.64514 199.2691 4.26126
-126.9204 217.19348 4.14636
-130.64971 198.99698 4.18429
-112.11385 211.60596 4.14872
-133.19852 219.61406 4.16989
-124.8455 58.4933 -0.78539
-121.747 55.63542 -0.71383
-133.42998 63.32318 5.41404
-125.91621 56.75836 5.47882
-127.13691 58.14284 -0.69179
-130.90683 60.21822 5.49763
-130.54625 61.2336 5.48243
-119.5271 60.12255 -0.65937
-120.17774 62.81417 5.47911
-123.47344 52.10125 5.41393
-130.38812 63.95679 5.34433
-65.03899 295.76449 3.40339
-63.03101 299.74088 3.37149
-80.66196 294.55359 3.45553
-61.27082 296.5485 3.33172
-70.38371 289.17677 3.55323
-44.61332 298.40955 3.25009
-66.84514 296.86839 3.39079
-63.86598 283.75158 3.36359
-63.55697 284.92681 3.43868
-52.29109 301.72898 3.34768
-69.10739 294.63374 3.36333
82.0507 286.15169 2.61799
72.15716 295.2786 2.60581
73.08525 282.89496 2.65238
83.47617 284.65327 2.61004
80.08116 298.08798 2.56865
87.15009 284.04221 2.66393
82.39568 281.96648 2.59432
84.9855 293.34524 2.81327
88.69207 268.44859 2.63638
91.29022 291.52748 2.66586
72.86759 290.43303 2.61789
