-13.45349 141.05019 0
-11.35425 140.98714 -0.02615
-18.06247 138.95514 -0.07078
-2.38475 148.85937 0.04467
-13.90368 153.90858 0.12658
-8.29131 139.63149 0.05382
-11.36608 145.98859 -0.02197
-1.38442 127.45063 -0.02095
-11.13882 150.77002 -0.00335
-11.64471 145.37594 -0.01019
-27.16408 136.27086 0.05766
17.1135 120.87149 4.71238
27.29123 122.22534 4.70415
21.85411 133.5028 4.6138
14.55621 126.53027 4.67366
16.52947 117.48395 4.66219
9.9113 113.70899 4.57693
27.88565 130.97368 4.61902
14.05254 124.13135 4.61719
13.05911 120.54474 4.72012
24.38692 116.81901 4.74863
20.58545 122.7723 4.79129
-1.22668 120.8713 4.71238
0.68155 127.95496 4.75435
-4.7894 114.20508 4.74886
11.30764 129.17221 4.76836
-11.95748 112.93121 4.84401
-6.7475 133.1603 4.72031
0.926 121.7583 4.96113
-3.07395 115.61194 4.68838
10.14709 116.09356 4.63087
2.49901 126.13222 4.6174
-4.01817 122.4946 4.69882
47.16687 127.86435 4.71238
49.56479 125.16947 4.6175
42.33075 119.35663 4.69394
51.13865 135.45501 4.70965
39.98092 131.08748 4.72899
53.98435 120.22752 4.65918
45.26402 142.91166 4.76987
37.9706 119.13615 4.81332
49.08703 130.20837 4.67309
59.4941 125.19804 4.72691
50.08596 121.45897 4.70652
-76.33385 130.72036 4.71238
-78.33396 128.38914 4.77511
-70.30731 124.87941 4.65187
-82.98996 135.3075 4.64527
-74.35423 135.57449 4.79155
-91.92199 137.82439 4.65147
-83.53064 120.78168 4.6422
-65.70301 130.81919 4.62501
-70.41934 129.86987 4.73609
-69.47715 136.62467 4.76476
-81.74741 131.14803 4.79284
-45.43304 165.87737 2.87979
-38.62326 153.41701 2.85831
-57.20747 175.85766 2.91389
-44.47994 178.10809 2.83708
-45.36212 163.16575 2.84087
-53.88971 171.37109 2.8245
-45.2471 165.50731 2.89967
-46.30132 165.40872 2.93741
-47.93139 168.86164 2.85629
-41.02024 174.34058 2.83562
-40.84251 158.59132 2.82344
16.67506 154.64663 3.40339
14.72836 159.95594 3.56975
21.31552 161.62369 3.3607
24.12183 164.14066 3.39395
17.77348 162.59351 3.2771
22.70419 162.90555 3.24193
27.75506 155.43981 3.36349
16.74305 154.24674 3.25073
13.164 153.84484 3.26786
21.30417 165.63194 3.48419
16.29518 151.00377 3.3794
