-0.83914 378.09453 1.57079
2.42279 387.23555 1.533
4.25102 375.41528 1.61712
-7.0274 379.38746 1.59666
-0.06439 378.15218 1.72372
7.00279 380.83426 1.44596
-6.225 387.48284 1.56829
1.05742 377.98998 1.502
7.81624 386.29547 1.5801
2.2332 375.45979 1.5488
-2.68111 371.55024 1.53093
5.48726 378.0942 1.57079
8.87192 373.35471 1.5791
9.1213 362.62967 1.46954
9.35938 382.28589 1.58925
24.1676 381.5021 1.62681
13.31991 384.60939 1.60325
1.23509 387.40165 1.679
2.86187 373.10816 1.50027
-5.77936 360.6104 1.53847
0.13306 377.13316 1.5892
3.87741 394.96746 1.62826
4.36045 378.09438 1.57079
6.49877 384.39506 1.61586
-7.2309 377.22226 1.53069
7.46527 366.42103 1.71226
2.78993 382.65029 1.53342
7.11457 374.2806 1.66462
5.62427 379.22997 1.6483
6.93271 366.45024 1.54457
5.39681 376.15386 1.43475
0.41745 372.94666 1.46773
3.45126 383.91275 1.56283
-115.45359 66.15517 3.92699
-104.31347 66.11091 3.89455
-114.08443 58.77155 3.91537
-110.88725 58.17092 3.92886
-123.57407 81.03404 3.87136
-118.01047 61.72981 3.92563
-107.6257 55.13906 3.95682
-117.19481 61.42442 3.8929
-112.29179 68.55304 4.10315
-122.52738 66.23078 4.02948
-118.39622 76.79224 3.88487
