273.02069 296.26381 1.57079
277.16643 290.09206 1.55168
275.35314 289.17224 1.64067
269.2678 298.50209 1.6469
276.52184 287.33634 1.60526
260.99039 292.05532 1.69752
279.83217 298.32255 1.57099
266.55778 297.06307 1.51417
274.34887 300.55221 1.49947
276.58013 299.11329 1.62591
271.71687 293.32172 1.63208
289.42965 49.27229 1.57079
287.89924 42.08788 1.57391
292.87297 47.22381 1.65714
289.38601 56.06829 1.55584
286.27557 35.22052 1.60336
289.12965 45.8099 1.45873
291.11801 45.80698 1.70346
295.89041 35.1013 1.52478
285.34311 39.9808 1.59902
292.70673 53.89404 1.54052
277.00486 47.12393 1.62851
288.0705 308.87219 1.57079
284.57007 306.05406 1.54642
299.05695 322.29808 1.56361
287.75098 301.89855 1.49423
292.98455 312.54116 1.47798
292.38152 310.77438 1.6307
286.96532 312.14206 1.6811
281.87701 314.62923 1.57758
287.94724 310.27684 1.66181
288.03648 311.62254 1.59816
287.58266 315.03114 1.51007
8.3476 300.58825 1.57079
8.75228 308.48798 1.44063
5.40186 289.62276 1.5206
-1.64324 299.41208 1.50351
14.39194 287.73435 1.53827
9.59723 300.0314 1.58255
5.3392 298.58476 1.4752
6.98428 294.45009 1.56524
8.75443 289.81781 1.59306
10.0926 302.72666 1.58594
-8.28186 298.11103 1.59105
-6.77729 286.93263 1.57079
6.32446 290.88348 1.5186
-4.67667 290.27478 1.43321
-5.10175 295.06043 1.53154
-20.31108 289.38228 1.46417
-3.39658 273.04882 1.58757
-7.80543 293.11807 1.44837
-5.57099 278.33998 1.54845
-23.61793 288.9819 1.56332
-15.13472 287.79685 1.65929
5.97386 289.66683 1.66049
-30.98519 288.6125 1.57079
-23.05359 285.74622 1.58999
-27.51648 300.00322 1.47113
-35.22083 297.38001 1.55132
-27.22775 283.22998 1.59513
-20.78966 293.37666 1.66631
-27.01446 286.83808 1.57518
-45.80127 286.64949 1.56561
-25.25351 288.39091 1.50383
-32.17671 281.91107 1.56673
-24.63994 290.95862 1.5539
285.6418 60.24319 1.57079
302.43198 57.91905 1.49422
283.3814 63.79673 1.39645
292.11359 59.048 1.70299
273.36436 55.48794 1.53172
283.13572 53.71276 1.51956
285.37477 57.79873 1.5227
282.8051 59.39248 1.60023
280.65796 71.5751 1.58317
287.24463 51.76337 1.72629
296.51041 85.52289 1.56508
281.8426 305.48584 1.57079
277.06192 313.52822 1.56334
269.07723 312.58146 1.57399
278.21553 299.06294 1.5637
281.71055 298.65021 1.59328
280.9835 306.26765 1.49042
274.85857 308.81219 1.55101
284.57002 301.67977 1.56663
287.55516 299.48202 1.45215
284.56902 297.83503 1.53144
280.22632 319.48429 1.45188
128.3859 60.75199 3.14159
133.58273 55.0984 3.00025
127.80256 46.16631 3.23077
119.57055 55.85232 3.01497
125.97388 65.02428 3.18773
130.82515 59.71855 3.2079
129.32479 65.98848 3.21989
118.73393 71.2147 3.08287
120.49804 57.79112 3.09252
121.72484 65.08765 3.01368
129.7807 62.64661 3.01022
125.32931 358.89989 3.14159
135.48225 342.67572 3.20822
130.07399 362.37919 3.19494
126.11863 345.81793 3.06486
117.84366 348.40266 3.10144
131.99443 356.95215 3.09105
137.66548 355.34187 3.13173
117.99684 362.43314 3.25085
123.12975 366.45121 3.24238
111.9985 366.48697 3.0335
125.8063 349.14332 3.20618
-131.22638 357.3328 3.14159
-118.4547 360.75209 3.05653
-144.33853 352.24717 3.14474
-129.91358 353.0005 3.17189
-132.38613 362.87234 3.05453
-134.42559 360.32012 3.18718
-126.53753 357.5768 3.15536
-139.98483 357.98395 3.20647
-125.21249 376.34761 3.10876
-130.09199 353.54819 3.06632
-133.44967 365.80469 3.12419
174.7862 171.12779 1.57079
190.51709 170.27063 1.57869
171.93257 162.78128 1.59359
194.05595 170.05699 1.64123
173.51965 171.39908 1.45629
163.62534 156.3491 1.71796
162.01777 164.68996 1.64213
167.10642 171.69663 1.65636
168.68873 175.30447 1.48461
166.32915 170.64748 1.57278
178.78528 170.72662 1.60351
293.55796 65.47539 1.57079
300.63783 75.78788 1.55543
299.12406 60.11969 1.49835
289.17662 74.14653 1.53917
292.59869 81.66642 1.57211
291.10998 66.63994 1.54747
296.21478 67.0525 1.48066
302.66464 50.65603 1.74052
305.93654 72.39393 1.55364
286.51249 70.99551 1.64865
290.43837 59.53034 1.5943
293.55796 285.33533 1.57079
297.10791 283.43515 1.52091
296.89543 276.72443 1.53859
296.39389 283.9847 1.51527
301.09471 283.48678 1.53149
289.00922 284.91796 1.54146
278.84753 276.44709 1.47026
296.15854 291.47225 1.58569
294.5359 291.68691 1.50903
293.3877 299.27139 1.54064
280.10091 285.46102 1.51352
-168.52559 149.202 3.02212
-162.5009 149.4825 3.08232
-164.43055 149.38662 3.0167
-167.22268 159.13805 3.02001
-153.68825 151.13066 3.00468
-156.60469 148.99908 3.03932
-174.1372 147.0821 3.08066
-154.00131 152.99031 3.11971
-181.69081 148.07031 3.02459
-155.60724 148.23644 2.99747
-166.31052 143.62522 3.01131
192.1946 32.02519 1.57079
186.71454 30.76635 1.63273
195.58774 25.95791 1.59296
198.7123 26.31272 1.44769
181.08438 28.49632 1.54026
199.2206 40.72282 1.66501
195.96455 37.11826 1.6163
197.38556 34.87967 1.62491
194.83855 31.95176 1.54336
203.29357 24.76925 1.58683
189.77077 32.79627 1.66495
-130.27619 38.9773 1.57079
-121.89165 42.84171 1.39347
-139.33467 41.96663 1.67205
-136.99609 29.89528 1.53784
-124.24772 36.29901 1.49604
-135.46448 43.08725 1.53245
-135.56934 32.04476 1.60504
-136.98517 40.01539 1.60287
-128.76304 50.84389 1.62925
-122.67634 40.95003 1.69878
-132.05209 30.79173 1.51813
-129.30009 303.622 1.57079
-141.07143 305.25694 1.56571
-124.83056 307.27077 1.67262
-123.05906 297.49204 1.62785
-130.92871 310.09792 1.51982
-126.54846 312.24694 1.57818
-121.7674 318.23529 1.51788
-124.73819 305.70938 1.49886
-134.37251 302.91525 1.60627
-130.96645 310.36885 1.5144
-115.71155 318.44452 1.65445
158.4991 298.59709 1.57079
157.40989 291.16774 1.54569
159.83527 300.46459 1.6478
156.4673 292.42929 1.62489
148.54224 298.06362 1.63428
158.68232 303.6298 1.51988
160.93426 294.88525 1.61771
161.03267 319.91818 1.58463
152.39845 304.47172 1.63982
156.38547 287.09633 1.50124
157.63422 293.76409 1.60876
219.52909 72.03018 0
221.68705 76.02174 -0.10197
216.51636 68.40728 0.06989
227.38877 80.58032 -0.07575
227.58608 73.58192 -0.12567
219.85885 72.06506 0.13847
215.86449 80.18588 0.16106
220.40047 80.88606 0.13242
215.16952 72.61258 0.04441
212.82674 70.76569 -0.03249
224.93743 76.27079 0.05162
175.26727 312.29269 1.57079
171.16999 315.16939 1.57866
185.86328 305.11425 1.43139
178.7745 303.7499 1.59337
177.45355 318.06694 1.59982
184.12045 306.07509 1.6763
174.17654 305.5721 1.47861
179.3598 313.44336 1.5445
180.55425 296.98868 1.52669
178.17295 301.87256 1.53089
173.82266 309.36819 1.63457
316.1454 44.46379 1.57079
309.94762 55.20892 1.60128
325.65812 51.9897 1.44666
310.24833 44.89102 1.46789
302.90336 46.95041 1.56436
315.61689 57.43709 1.64015
308.09867 35.47065 1.6283
312.46636 50.20853 1.76909
322.45371 47.79535 1.6427
315.97505 29.31133 1.70668
317.97679 46.60021 1.64333
-3.13172 306.3955 1.57079
-3.61098 308.31471 1.61669
-3.50659 311.7812 1.61809
-4.28192 317.73419 1.62492
-14.87734 310.28259 1.51214
-10.87939 316.13596 1.61719
7.36946 308.10084 1.50451
-1.54533 300.30336 1.57813
-17.78465 293.72995 1.54937
7.24004 307.76304 1.627
9.10146 294.90827 1.54541
147.2205 305.79913 1.57079
149.50122 304.59335 1.65163
140.83552 297.80335 1.58206
155.96758 294.36623 1.56004
141.78202 303.42069 1.46362
144.28886 311.69001 1.54838
142.80922 299.06172 1.49341
146.54392 307.56286 1.61688
147.20129 308.81688 1.58996
155.60547 294.62684 1.57398
153.89052 302.72049 1.7422
286.796 48.61353 1.57079
285.88571 49.18543 1.48682
274.56821 55.6027 1.54717
291.40676 53.33781 1.7879
283.5512 38.99852 1.55264
290.25914 52.38629 1.6378
287.36459 38.5466 1.56912
303.04479 41.00795 1.66854
290.72614 55.39668 1.55365
282.50941 48.60199 1.62991
289.98386 48.77482 1.53978
-148.10939 146.12204 1.57079
-150.62738 154.23449 1.60496
-140.51095 148.63753 1.6638
-147.46618 149.19303 1.64642
-146.88935 147.28763 1.55174
-151.15791 146.36529 1.60255
-147.26443 144.24712 1.60731
-143.99977 148.02101 1.58124
-154.13263 146.94475 1.50785
-148.68004 140.06882 1.53615
-140.87314 132.13471 1.62356
153.98563 297.16973 1.57079
159.1106 293.6631 1.52176
141.41055 285.14196 1.57034
164.82421 283.43523 1.64838
153.99305 291.24802 1.52505
163.33482 297.48181 1.59884
159.83599 302.81416 1.58643
157.0901 298.16728 1.5185
157.64851 297.4702 1.52271
149.12807 290.44189 1.48299
162.6064 301.89459 1.68292
140.0557 301.07949 1.57079
164.23073 302.6226 1.5648
139.41204 304.69926 1.69903
142.71536 298.79535 1.57611
149.37573 295.59794 1.62177
147.08306 300.74622 1.62728
141.61956 305.01754 1.64446
121.01583 292.02467 1.52977
141.97767 300.21588 1.64992
141.42192 307.08356 1.58075
143.51375 302.20175 1.55953
-135.04489 41.2621 1.57079
-132.81444 42.35179 1.64703
-144.29645 22.12074 1.53557
-133.64712 38.60799 1.52533
-141.87891 36.25263 1.51231
-126.88925 38.82524 1.62564
-139.6742 30.03904 1.45581
-136.1226 32.5415 1.5628
-141.6452 56.71538 1.58017
-137.76176 46.62565 1.62526
-128.702 23.82941 1.55666
31.53455 176.61609 1.57079
31.81065 169.42113 1.66511
25.20839 175.03184 1.6263
28.62916 167.85295 1.71095
25.64852 181.21371 1.53265
28.74416 174.4348 1.68344
42.67725 185.31359 1.57527
25.74776 175.87536 1.53063
28.27444 169.76083 1.53994
41.1388 190.71806 1.54604
20.03283 174.56751 1.37832
