-123.97495 290.0865 3.92699
-120.92424 295.23639 3.99269
-131.94784 281.52054 4.01125
-116.61324 293.94597 3.9227
-111.3194 288.84038 3.79939
-123.18674 286.24031 3.9859
-121.54075 285.26203 3.99401
-141.24328 297.42315 3.92466
-126.35706 288.31215 3.93252
-135.78058 296.89061 3.89592
-128.43009 293.25359 3.84146
68.23153 286.18876 2.35619
71.94777 286.899 2.33282
67.32241 296.41833 2.32801
70.49131 282.27722 2.54664
56.24761 284.74618 2.31187
66.09645 285.84928 2.40598
73.61985 288.92654 2.36794
66.65573 292.73092 2.37232
61.42115 295.42496 2.33089
80.56916 275.85398 2.36442
66.01826 284.91435 2.41367
-139.79879 146.37009 4.71238
-127.85137 142.8429 4.69799
-148.07289 133.94865 4.59631
-139.53797 157.04187 4.73245
-138.84935 137.60109 4.65937
-148.80997 152.97492 4.74933
-129.71397 157.04759 4.73804
-137.17844 144.35851 4.68771
-145.40812 157.85206 4.82507
-141.07128 149.92368 4.87183
-136.56756 136.92544 4.8257
22.43341 247.21679 3.14159
41.13223 247.56399 3.09414
17.09536 243.40464 3.20789
20.70219 242.37299 3.26316
30.91665 241.10496 3.14219
30.33169 248.48292 3.15456
20.86942 238.09371 3.10525
21.58913 239.40332 3.05964
26.81688 253.7865 3.12273
19.30676 244.67456 3.09588
19.43611 252.46838 3.12911
-102.06479 120.04695 5.23598
-97.46332 125.30256 5.20672
-108.70948 131.65397 5.31257
-100.7758 124.04622 5.37368
-95.71951 123.14133 5.23104
-99.02073 121.07543 5.31086
-102.88047 121.40524 5.29628
-94.33785 111.73839 5.28903
-102.38282 116.49044 5.20363
-94.11805 117.16594 5.32124
-101.59915 125.76374 5.25058
122.42946 247.21148 2.09439
131.87616 243.40477 2.12265
113.82856 249.26036 2.01514
121.0539 251.72514 2.16743
120.11467 247.38767 2.0216
114.2491 251.31128 2.24518
119.20161 252.27845 2.0968
119.68436 237.99164 1.99255
128.9012 246.16417 2.14235
105.16237 245.72712 2.2168
130.0072 248.9323 1.99791
-125.07905 251.18851 4.18879
-126.62648 240.398 4.25905
-128.26063 245.70956 4.27421
-120.52329 255.25384 4.11449
-129.90143 252.30993 4.12163
-119.18052 237.43809 4.28299
-128.81446 248.9769 4.11513
-128.7659 249.118 4.11714
-119.90422 259.17487 4.21818
-117.87962 250.58679 4.26595
-127.522 257.45476 4.15849
97.29584 120.35314 1.04719
99.35062 119.28371 1.09106
106.19156 108.08801 1.06236
90.16797 118.76554 1.09233
91.76482 125.49502 0.98127
92.31472 116.4575 1.02538
108.33487 130.39447 1.13118
98.79551 115.66122 1.01375
96.69343 118.33578 0.98795
96.83022 126.75871 1.1226
101.48272 130.85438 1.03686
7.81678 285.38622 2.61799
18.47259 282.59926 2.79089
3.3034 285.84036 2.57047
3.91749 280.39375 2.62536
11.94236 280.54665 2.65143
6.20544 292.6626 2.61675
4.87313 283.27523 2.60754
8.57528 275.14129 2.62494
5.83159 286.77872 2.5603
7.27072 287.33366 2.523
14.92629 285.81981 2.60227
-32.21233 271.30142 3.66519
-35.62276 273.28352 3.6354
-32.90924 275.73398 3.72284
-38.94492 263.821 3.63507
-29.44911 275.80306 3.66141
-31.75089 272.73164 3.76673
-36.7312 274.26111 3.58648
-36.4678 266.2902 3.69041
-36.74003 276.29368 3.53337
-35.77505 273.60903 3.82779
-28.91445 264.65261 3.73028
-5.77654 283.21308 2.61799
-3.6654 283.69738 2.58784
-16.69472 286.01679 2.5669
-5.56594 271.23677 2.47064
-0.22028 287.91136 2.80349
-13.84029 294.98842 2.77061
-10.36594 271.37351 2.69373
8.70289 268.47452 2.69112
0.06666 285.97766 2.59121
1.76259 285.35132 2.55718
-10.70905 288.19469 2.64471
-134.13959 59.4106 -0.52359
-124.4539 69.8146 -0.54276
-121.44231 50.49505 -0.51754
-139.7429 57.0485 -0.38329
-136.68141 64.2954 -0.5038
-141.12141 64.67033 -0.45135
-125.01981 54.86346 -0.38827
-126.10766 58.05868 -0.6056
-128.41017 69.69915 -0.67305
-140.14354 61.76989 -0.43418
-143.80566 55.58956 -0.51012
-151.48039 131.31101 4.71238
-159.4937 125.88737 4.75366
-139.22745 131.6772 4.74945
-142.22968 128.53713 4.83573
-146.73537 137.60458 4.6926
-146.18972 141.03415 4.798
-149.31832 135.04282 4.69184
-144.3858 135.67906 4.86483
-158.80025 135.91205 4.63549
-155.97621 121.69525 4.7335
-143.058 133.96343 4.65625
-118.55369 132.07065 4.71238
-116.37308 141.18821 4.70239
-121.99899 118.33967 4.74049
-130.91427 139.97156 4.63935
-115.54683 137.315 4.74394
-134.15276 143.52672 4.72253
-125.32382 140.60359 4.59039
-117.91948 121.59333 4.54086
-104.51762 135.70361 4.78036
-110.17011 128.54873 4.67925
-122.19574 134.36107 4.71358
-68.95102 250.09033 3.66519
-76.80914 251.45771 3.64688
-80.62303 251.28856 3.70202
-62.56155 254.03957 3.58079
-67.88014 271.07087 3.58641
-63.25483 254.52111 3.65873
-68.18553 245.93309 3.66307
-80.31479 259.93003 3.67509
-56.2227 247.51107 3.80592
-74.38805 252.61746 3.69391
-63.07117 248.43338 3.67811
115.76534 238.65585 2.35619
115.89115 244.06392 2.41551
111.48436 250.56043 2.366
121.97199 237.28833 2.3739
110.10268 237.74085 2.4567
116.43347 242.05099 2.26263
127.2094 243.76153 2.47464
116.05282 248.68129 2.37546
120.63402 252.29408 2.36715
118.31989 240.99175 2.33541
110.9782 242.78181 2.51893
-102.06479 120.04695 5.23598
-113.60501 121.90848 5.27237
-107.08597 130.09275 5.37217
-86.43213 110.8838 5.24356
-107.63666 114.1542 5.16995
-107.34855 125.42859 5.20007
-97.32768 121.26959 5.21374
-105.50544 118.69195 5.30378
-124.70157 113.36657 5.31809
-98.5585 133.19357 5.26371
-100.10461 118.23066 5.34094
122.42941 247.21157 2.09439
118.33131 249.28214 2.10792
121.68301 235.94847 2.14868
116.89636 236.21179 2.05714
110.09862 257.87822 2.17386
115.8865 237.29067 2.22465
123.47682 242.63788 2.12426
130.68581 263.05136 2.03437
116.06566 236.56539 2.09214
123.42098 243.9798 2.17515
123.62012 234.1896 2.13115
-125.07905 251.18851 4.18879
-116.40646 244.59744 4.28717
-136.34366 258.19213 4.15838
-128.8915 246.83395 4.12827
-132.97315 249.0285 4.13987
-125.03232 238.45521 4.24348
-131.566 250.70908 4.17581
-127.96877 251.37986 4.07088
-125.20959 264.17792 4.22607
-123.30833 245.22594 4.05094
-115.52974 260.89174 4.12513
97.29589 120.35322 1.04719
98.55051 128.91442 1.16374
97.05608 115.35927 1.12658
100.38608 129.48237 0.96974
94.38078 126.58869 1.14979
96.40381 122.1648 0.91505
94.72018 131.82123 1.13938
105.41891 116.69504 1.09457
109.06131 116.40224 1.02553
106.90124 120.34256 1.04767
93.60065 127.34782 0.98223
-11.19012 262.5 3.14159
-7.28108 254.69255 3.0464
-5.51293 252.22831 3.194
-10.94071 263.15227 3.06292
-2.89592 271.98013 3.14754
-22.62618 262.82107 3.26537
-21.91361 262.89828 3.30126
-3.60384 258.37087 3.18769
-17.85249 258.16481 3.16891
-10.82515 265.06605 3.20373
-9.47897 275.79592 3.17811
54.94754 259.64449 3.14159
41.21057 263.86516 3.1651
60.86342 261.17528 3.2455
52.21248 244.11078 3.01019
46.68558 256.9354 3.0599
50.68835 263.02789 3.09115
53.76973 269.01245 3.1477
64.88663 267.76276 2.9827
54.57576 265.57332 3.15886
52.45691 261.86416 3.17041
59.07191 252.76983 3.07314
-43.15612 259.6445 3.14159
-48.04269 255.56031 3.22902
-61.76461 253.30211 2.99747
-38.51886 241.80938 3.17215
-40.18508 249.66808 3.10178
-44.15683 262.50113 3.14873
-39.00679 256.8141 3.02963
-35.1476 255.51122 3.14209
-33.31074 245.95639 3.09853
-44.871 261.48749 3.11938
-37.15539 249.82514 3.1054
44.67988 259.64414 3.14159
31.03798 262.86542 3.06731
48.39429 265.63825 3.20835
41.73323 255.33086 3.15854
48.84626 259.932 2.98926
42.10032 255.27984 3.13616
48.29994 246.71793 3.13812
28.13804 256.14528 3.06631
57.51476 263.88448 3.0179
37.96927 258.24032 3.09447
38.24639 251.03018 3.24032
-88.32012 132.09992 4.71238
-90.25621 120.92454 4.63082
-91.80658 147.1731 4.68675
-89.81748 140.48243 4.729
-79.54737 122.00209 4.55142
-96.40025 138.79906 4.68883
-99.62197 127.669 4.66735
-99.96866 131.5203 4.8113
-80.58003 128.94912 4.65969
-68.82278 128.84267 4.6955
-98.44284 133.16568 4.64798
-78.82084 262.50015 3.14159
-87.57067 271.9164 3.31436
-71.74155 271.83412 3.31417
-81.53493 248.99433 3.08815
-70.41368 264.49875 3.23809
-74.93993 272.70652 3.13583
-84.1776 261.32401 3.07452
-69.81932 260.75947 3.09605
-75.5291 255.2128 3.08381
-78.74353 255.41608 3.08821
-75.06397 262.29384 3.17012
-211.82085 134.95593 4.71238
-212.29283 140.61607 4.71665
-210.09095 127.6122 4.72478
-197.30017 132.60021 4.6741
-210.25264 137.00795 4.70763
-200.88232 126.75797 4.7174
-216.82887 137.31545 4.73081
-221.65549 124.39378 4.62088
-222.88718 145.84182 4.68408
-212.39555 132.78735 4.65706
-210.54857 133.21157 4.60922
-183.02944 201.73708 4.45058
-169.45055 206.31811 4.33099
-179.37817 190.59329 4.51682
-169.24038 206.72977 4.51329
-198.3532 205.37652 4.45289
-178.98687 191.31801 4.43843
-177.98885 203.39059 4.48323
-190.90123 211.72928 4.51342
-189.76222 204.89454 4.52706
-171.96505 198.01144 4.462
-168.43142 199.94193 4.51484
-120.41679 116.90395 4.97418
-117.72649 128.75153 4.84598
-116.66471 112.44635 4.99745
-124.7426 112.55487 4.88435
-127.45813 126.57024 5.02246
-98.36083 115.3431 4.96738
-119.78856 111.01146 5.00683
-116.75202 130.07764 5.11203
-118.69176 116.06993 4.92152
-106.84173 109.06092 5.00257
-122.33873 109.17107 4.97469
-142.72951 205.49099 4.45058
-144.62229 201.83182 4.60201
-134.89095 212.65555 4.45358
-143.00786 202.02523 4.38884
-135.73246 204.54956 4.32853
-153.66071 215.92454 4.37406
-147.8198 208.95856 4.41418
-153.66514 186.14458 4.48457
-147.72759 205.5064 4.51962
-138.59135 197.04103 4.51915
-148.39069 203.88829 4.41894
-114.03927 109.59899 5.23598
-102.69899 107.91069 5.23206
-111.79542 103.52348 5.24026
-110.39263 115.88201 5.15288
-113.54768 119.53842 5.1367
-110.2387 109.20784 5.23837
-95.65847 112.74854 5.30393
-116.61507 117.08167 5.429
-125.89057 107.53652 5.37693
-116.98872 109.43322 5.18507
-108.61213 118.11032 5.17518
