-37.64789 131.9311 3.14159
-48.69144 142.55555 3.09971
-39.9516 127.16607 3.04239
-38.50386 127.41068 3.12189
-41.01403 129.92074 3.20643
-28.4758 137.53246 3.18447
-34.367 130.58498 3.10651
-41.88354 127.48956 3.09322
-47.28492 126.98388 3.17848
-37.98791 128.56185 3.24064
-45.10112 129.89945 3.02893
40.1607 130.57889 3.14159
33.15461 126.89465 3.01413
31.16699 125.51844 3.13827
32.22765 136.96834 3.07045
40.10104 128.57856 3.16417
42.53271 127.15984 3.08827
38.65931 139.49315 3.19676
35.97686 140.26074 3.06614
43.07518 133.88557 3.14957
41.39845 131.07247 3.10557
49.01019 133.41087 3.0974
