-321.43739 3.17748 4.71238
-326.26773 3.43529 4.62578
-336.03236 10.23206 4.74304
-315.68315 9.65318 4.64627
-310.66572 -2.12403 4.78636
-325.07243 5.56286 4.75458
-307.15879 0.33194 4.78042
-307.8385 10.2256 4.59257
-320.75609 8.72369 4.70637
-324.6161 3.49521 4.86489
-318.09461 13.40303 4.69945
-320.00949 50.72852 4.45058
-323.08012 50.01202 4.3777
-315.62249 56.82086 4.49588
-316.40241 46.30053 4.44108
-314.97098 39.40783 4.38216
-328.19033 62.43919 4.47584
-316.28886 35.29456 4.46885
-306.54449 42.78045 4.6133
-327.80747 57.38131 4.49091
-319.44077 56.61575 4.51155
-317.65685 38.84729 4.59683
-320.8678 -90.16337 4.97418
-316.69662 -89.86426 5.00666
-319.33003 -86.27771 4.82647
-322.90212 -86.48748 4.97498
-321.80584 -96.72116 4.96472
-315.46029 -99.66321 4.92621
-334.45756 -88.2829 4.96363
-319.3199 -87.80617 4.93001
-323.60619 -95.73191 5.0387
-322.97772 -97.81482 4.79838
-327.31375 -97.23706 4.97286
-249.68439 -113.46498 0
-259.68319 -125.7265 -0.0356
-245.34717 -107.08812 0.09672
-257.45032 -114.06477 -0.02498
-236.79755 -115.25749 0.02981
-250.98192 -114.52691 -0.00513
-244.68634 -113.77785 0.0035
-256.56323 -110.66007 0.02308
-247.92013 -98.87662 -0.00167
-244.18425 -115.74266 -0.03669
-256.34457 -112.82876 0.00399
-143.00837 -115.32968 0
-152.70555 -114.37485 0.08473
-133.66867 -122.13582 -0.07793
-148.67245 -109.85773 -0.04967
-143.54727 -114.34355 0.15955
-128.15854 -109.94424 0.08222
-146.39273 -126.2434 0.0738
-159.55327 -120.87541 0.0703
-136.03271 -122.18044 0.02164
-148.9277 -119.33277 0.14726
-157.24931 -108.91884 0.0001
-197.90375 123.92148 3.14159
-197.63708 126.33086 3.15098
-193.13249 126.06807 3.17074
-203.15964 123.06861 3.10961
-201.29887 115.44772 3.23762
-198.94651 114.45622 3.10815
-203.27452 133.01403 3.08927
-194.34492 136.28615 3.12237
-187.83072 128.84313 3.17686
-202.20355 127.30989 3.08655
-212.31417 130.13999 3.14864
-197.01808 -158.83651 0
-195.55329 -167.29807 -0.15659
-205.88384 -149.98069 -0.02037
-203.56405 -155.02946 0.04097
-202.85913 -152.52348 0.02021
-199.03775 -157.49592 -0.02124
-190.40736 -161.52813 0.04736
-182.64531 -152.68416 0.01486
-197.05755 -161.64288 -0.07845
-196.80469 -155.28198 0.07533
-199.64179 -153.7258 0.08138
-218.78588 127.48531 3.92699
-214.50466 117.36265 3.97694
-223.47785 121.37758 3.87089
-217.36984 122.08203 3.84598
-213.05173 125.66725 4.00331
-226.2797 131.71832 3.9402
-214.90448 115.96334 3.94979
-219.53681 127.53904 3.8812
-224.02627 132.00988 3.83533
-221.013 127.96697 4.00527
-219.57402 123.09301 4.06798
-290.00944 56.26178 3.92699
-297.26616 50.36657 4.05731
-296.01097 69.89586 4.02339
-292.78343 57.35053 3.945
-282.47065 50.86798 4.00029
-299.47741 51.33605 3.86667
-279.97986 55.85916 3.99579
-291.70284 55.75249 3.89838
-286.72637 64.78448 3.83147
-310.12625 56.57345 3.7658
-288.35785 54.35941 4.04033
-317.47346 13.0866 4.71238
-303.78875 16.52533 4.86267
-322.21999 15.64732 4.5638
-315.82743 28.00044 4.69635
-328.94848 17.86132 4.62888
-315.76019 16.79117 4.75704
-307.08473 21.47625 4.73213
-312.13672 7.77844 4.71573
-319.73027 -0.54748 4.59248
-302.98707 2.72644 4.78767
-312.92532 9.7656 4.7558
-315.21606 -22.58297 4.71238
-321.65229 -13.14946 4.78491
-308.13477 -31.59318 4.62102
-323.09137 -23.13222 4.73247
-314.25465 -18.18346 4.66735
-318.14007 -28.17793 4.68011
-305.0458 -6.51851 4.63573
-308.44772 -22.04681 4.79384
-321.28607 -37.45754 4.81739
-299.29597 -20.77676 4.71544
-313.36682 -25.95598 4.666
