4.2751 208.5679 4.71238
-5.21817 208.99902 4.76665
8.55817 223.69193 4.80068
1.40761 204.55274 4.58991
14.49166 199.1871 4.65014
-1.42563 203.57747 4.62036
-0.27035 215.53092 4.82113
8.75043 210.52071 4.73716
-0.50128 210.19005 4.78771
10.91068 216.26945 4.71568
-6.10833 207.48216 4.67273
5.1533 171.80316 1.57079
-6.15098 174.93361 1.58335
8.97592 178.1511 1.54531
8.98571 171.07161 1.55619
-8.91114 160.3937 1.6401
7.32693 180.93013 1.61503
5.09475 178.47287 1.54466
4.88047 181.74244 1.46329
4.45992 168.33386 1.5788
7.93631 168.65507 1.63493
-5.06995 169.86814 1.71927
296.8631 164.15259 1.57079
309.17399 158.88758 1.43566
295.21804 166.97516 1.65572
299.34016 156.54506 1.50137
302.52298 175.26614 1.71874
297.22601 165.06582 1.55372
288.52311 164.35011 1.40137
309.14056 160.46774 1.59976
291.62283 178.34859 1.55012
286.76722 168.61417 1.59081
301.0373 159.1895 1.5618
128.8826 149.58089 1.57079
123.83432 150.88588 1.49054
121.95904 143.43578 1.52409
133.75928 159.94876 1.58409
126.08818 154.61817 1.4041
135.68432 155.41101 1.62713
119.57463 142.31063 1.49948
138.03915 148.9815 1.61011
124.29413 141.14672 1.51681
119.69261 156.26035 1.63805
133.05541 153.09926 1.55253
128.88261 256.66859 1.57079
134.74215 248.13328 1.48112
135.40289 262.95374 1.53639
140.65212 255.52724 1.50168
117.99111 258.86772 1.63882
121.38372 264.58009 1.71458
136.73539 261.3429 1.65208
126.84199 246.80102 1.50016
125.67292 259.82185 1.55041
143.96207 255.78707 1.64968
120.18034 251.20567 1.62852
151.1308 100.97769 1.30899
156.20388 105.06375 1.29136
141.57798 82.65092 1.37973
154.70713 96.4428 1.38611
156.83803 98.05752 1.3646
154.75799 102.85568 1.24138
151.28395 107.89141 1.40843
145.24172 96.23053 1.21792
139.18312 88.03724 1.26825
142.54353 92.03903 1.34206
135.22111 95.77335 1.32687
151.9891 241.86959 1.83259
135.60208 236.71476 1.66151
162.21035 230.05482 1.89133
155.26186 247.34573 1.87405
147.1165 248.78744 1.94789
150.87774 240.05631 1.70815
168.7517 235.51535 1.86106
152.71135 221.59827 1.71019
157.4468 232.92945 1.90628
149.60445 245.75509 1.82693
153.64075 253.10678 1.82825
216.84768 293.64529 3.14159
207.68403 294.62452 3.12357
215.13621 303.2235 3.0888
226.0442 288.17623 3.07499
219.90621 283.57503 3.03822
221.40653 298.25746 2.97832
225.23988 295.86536 3.12798
220.32142 296.30758 3.15478
218.07053 291.2443 3.15073
215.61888 294.32982 3.14775
220.66994 295.31111 3.21173
110.17167 295.50999 3.14159
105.01828 287.00184 3.18077
99.60416 296.56472 3.21078
116.53236 294.04848 3.14063
115.54676 297.25355 3.10929
119.95334 293.53969 3.16451
116.92865 303.50612 3.14824
107.54262 293.95363 3.2109
116.77249 297.8065 3.17782
109.45373 284.49189 3.12798
111.69489 288.58225 3.08346
87.4317 287.93099 2.35619
88.92133 285.08011 2.38071
91.88234 299.88137 2.4202
89.29477 295.95731 2.29808
88.92001 278.9174 2.32558
77.36813 291.33512 2.38363
77.99493 280.38065 2.33796
90.59041 292.25167 2.38522
95.27887 290.7413 2.33988
89.74055 282.95814 2.40815
80.65624 285.97338 2.24397
-111.88209 87.3646 -0.78539
-108.82177 84.24507 5.43669
-89.20418 90.4808 5.49719
-113.23166 94.74629 5.45863
-110.11555 91.35475 5.48531
-112.06662 94.5548 -0.70009
-110.44061 76.39243 5.3401
-111.99212 92.20763 -0.64795
-109.20666 99.42865 5.42412
-118.54752 94.98797 5.37728
-121.44327 82.87128 5.41892
75.1855 305.21689 3.14159
82.72175 305.30161 3.20325
72.95532 288.88315 3.18027
73.70363 314.15401 3.21373
68.93207 306.91251 3.17029
76.13988 299.5081 3.07185
78.10637 304.21549 3.11871
64.43547 297.18514 3.13023
73.15995 312.79126 3.19295
81.63226 313.4577 3.07938
79.02183 308.35659 3.17752
-25.53979 305.2169 3.14159
-36.38767 302.33668 3.13469
-19.82044 306.88231 3.16139
-25.09659 307.7325 2.94771
-24.87862 321.69043 3.05742
-29.6559 306.62926 3.13688
-24.51002 298.26954 2.98827
-20.11939 318.27607 3.13063
-22.84531 295.73807 3.19765
-22.2439 310.62173 3.07812
-16.21403 302.20595 3.0981
1.08988 187.34549 4.71238
-5.04889 189.06102 4.71652
-2.46443 194.02068 4.69781
19.36582 182.83107 4.66729
2.21827 183.13881 4.7086
1.7096 191.00263 4.78497
-8.13553 183.22746 4.79264
-11.89728 168.26236 4.63706
-3.45885 184.19881 4.57589
3.92379 179.88514 4.67509
11.64281 168.15259 4.77326
128.894 61.70132 0
122.74056 63.53793 0.05365
125.32051 51.6049 -0.1102
126.72201 63.77086 -0.0628
133.6814 64.08763 -0.06888
119.95434 55.26756 0.11747
140.91861 60.6559 -0.04852
149.94338 62.21951 -0.0053
132.80629 56.67976 -0.00538
130.71546 54.90499 -0.10174
126.16842 60.78911 0.08142
103.08902 305.21649 3.14159
112.17123 307.20678 3.03835
93.10981 310.13292 3.02475
93.12804 297.86559 3.04234
102.22347 302.33554 3.04532
106.5619 310.78231 3.28274
110.02954 312.71002 3.14596
117.60372 309.41504 3.2419
108.0933 301.62927 2.97971
118.18753 291.98241 3.08984
107.94509 303.81317 3.18131
247.16035 305.21649 3.14159
250.01982 305.19106 3.19134
258.78877 303.37638 3.17732
248.52719 309.69022 3.00449
256.87713 301.68989 3.19614
247.20164 316.90404 3.08638
258.63489 314.37654 3.0039
245.74275 308.21354 3.10989
252.27632 298.87063 3.16474
253.49402 311.92541 3.31704
253.22909 314.54613 3.13291
