220.58381 349.45498 2.61799
208.09059 333.05115 2.49111
226.94718 350.59037 2.66746
235.74416 352.2395 2.7526
215.53266 351.73812 2.53934
222.55869 361.03107 2.69604
204.70639 343.38779 2.55303
233.57821 334.09152 2.73844
220.92065 343.85597 2.69955
222.88845 360.65249 2.58628
211.44524 350.62898 2.555
15.03521 349.45499 3.66519
18.83169 351.25983 3.53981
18.04971 349.52504 3.57194
32.10756 353.93077 3.65514
27.64895 356.12647 3.76792
7.73645 348.66124 3.80664
10.66311 352.44601 3.73036
7.49347 335.09417 3.63559
17.76435 355.68893 3.76692
28.98109 356.01361 3.59909
7.1172 346.35864 3.54752
220.58371 349.45498 2.61799
221.26075 348.07074 2.55677
231.11591 348.66375 2.66935
209.21851 367.37197 2.64747
209.28821 346.97467 2.66348
225.62755 343.37155 2.56709
219.77005 356.65457 2.6855
223.22384 345.97816 2.65536
228.06474 351.8971 2.52507
210.35807 348.30425 2.72113
224.59885 362.00733 2.59309
15.03511 349.45499 3.66519
18.256 355.24075 3.58604
33.25052 346.39933 3.64303
13.84782 342.72976 3.57679
21.06857 343.78056 3.65902
0.62323 355.91371 3.5557
8.32378 349.50455 3.53427
18.06877 354.00029 3.69195
8.08073 356.24043 3.74348
26.23121 355.41532 3.76093
30.29234 343.12636 3.83135
-10.69338 245.65799 4.71238
-12.81988 243.64186 4.76663
-7.61154 239.56829 4.82373
-8.28897 244.17309 4.71619
-3.60707 258.43423 4.7638
-0.59737 237.98529 4.62198
-12.98523 245.82965 4.75556
-14.10837 249.33356 4.62892
-10.974 241.37311 4.75789
-18.08315 249.5049 4.67352
-11.13914 245.41633 4.77118
-10.69339 147.55432 4.71238
-8.47383 150.35544 4.74653
-19.72138 159.15055 4.75238
-7.12122 149.8122 4.73738
-14.21483 158.94512 4.69435
-24.82018 153.15981 4.68671
-8.28269 154.77669 4.78737
-20.82866 160.50598 4.81827
-15.40686 139.13947 4.83247
-6.33578 152.43593 4.59165
-5.36825 144.93555 4.71629
188.0957 94.13044 0.26179
188.7133 92.80759 0.16856
186.34031 97.55998 0.27933
192.10039 93.91027 0.25768
176.13772 95.75598 0.2631
195.43809 106.20959 0.15505
207.38543 88.24703 0.19284
186.10952 98.671 0.25229
180.23457 95.93232 0.3224
184.81117 83.34401 0.18291
188.36565 94.50489 0.19191
41.006 103.74324 -0.52359
37.34481 102.18846 -0.5098
19.53915 104.40021 -0.47442
48.98015 114.46835 -0.43225
29.53859 104.14094 -0.55527
47.0871 93.78348 -0.44041
50.95563 105.62389 -0.61096
30.48246 94.6102 -0.61494
48.34829 102.48156 -0.50978
34.70955 99.46752 -0.51529
42.28673 97.93387 -0.44772
