126.2511 154.06439 1.57079
127.64925 164.35814 1.6628
123.99627 145.14539 1.70996
128.26533 142.58578 1.5458
124.53025 156.39276 1.43466
125.84138 157.07048 1.61457
121.58249 154.71238 1.58009
128.15253 149.50887 1.6802
113.29566 148.44805 1.51688
124.00058 159.94772 1.54226
124.26593 157.93666 1.61096
-131.74889 156.1836 4.71238
-131.41251 163.67202 4.69853
-127.46519 163.73608 4.68568
-142.12467 154.30022 4.68336
-118.96541 151.83434 4.51932
-120.12735 164.4196 4.49194
-121.57147 150.3302 4.74267
-137.00714 157.75473 4.76838
-154.18936 158.61603 4.71794
-127.14818 143.75389 4.63851
-134.61791 144.86411 4.67073
146.26781 144.11448 1.57079
140.30738 155.2906 1.56304
150.39262 136.40582 1.65804
146.25437 149.94278 1.47815
142.24599 152.54927 1.54819
131.22916 141.80314 1.56686
144.3852 145.96592 1.63687
149.36835 141.11227 1.69586
142.25106 154.90512 1.56468
151.51347 147.0443 1.5039
150.06844 138.88471 1.49245
-134.22218 149.3777 4.71238
-136.39386 135.22834 4.74212
-124.03747 146.72132 4.6241
-137.64727 153.49597 4.69527
-135.24726 143.7227 4.76111
-128.85432 149.02312 4.62349
-135.64816 158.14068 4.64401
-133.29405 162.55107 4.66256
-136.42183 143.49179 4.60986
-134.00444 142.27696 4.70695
-140.07005 150.08317 4.7298
