-0.0044 265.0759 1.57079
8.16766 261.94151 1.64108
-0.51173 261.07435 1.47185
-8.14798 271.50489 1.6004
1.34494 265.41347 1.46491
0.58373 261.65063 1.54014
1.2577 267.50819 1.52172
-1.05922 269.74285 1.56286
-8.58176 251.70274 1.52547
0.19081 267.90443 1.71656
-9.09722 266.67797 1.7902
140.87371 -2.753 1.57079
147.69258 -9.64073 1.50842
133.59758 -3.16686 1.50584
145.01156 0.27117 1.6878
145.72937 -8.03137 1.49518
132.98086 -13.38513 1.58462
144.25166 -0.15281 1.54513
139.35431 3.34551 1.52739
134.41971 1.6766 1.59811
141.05435 -9.25619 1.61893
137.96799 -1.63738 1.49349
-178.4034 259.1787 1.57079
-169.54472 261.24993 1.55065
-178.54949 254.35462 1.39445
-184.30692 256.62271 1.63895
-174.42298 256.64494 1.53953
-185.07471 250.19102 1.66589
-186.03872 249.82521 1.56681
-175.96927 261.44112 1.6152
-184.69928 258.64908 1.50588
-172.89056 261.36733 1.60504
-178.36565 259.66671 1.45767
