4.32844 171.47799 3.14159
5.76239 169.38304 3.16568
5.19167 180.55067 3.11353
11.63713 173.33647 3.10387
13.98289 177.12196 3.21682
6.35095 156.56893 3.12315
6.81287 165.5872 3.21913
2.53989 174.57375 3.09277
3.4504 171.50924 3.17727
4.41951 178.06949 3.04589
-0.41666 181.18698 3.1334
-10.91788 184.1335 3.14159
-19.07547 189.44036 3.16991
-22.67682 186.49064 3.06909
-15.86184 184.47876 3.3037
-11.82914 170.89462 3.15668
-13.91831 185.67392 3.26386
-4.47495 187.97065 3.16105
-12.36065 172.17729 3.21899
-16.73967 185.78917 3.14148
-13.46208 186.33745 3.07015
-0.78229 171.01764 3.1774
-123.96138 170.1312 0
-120.79766 161.95052 0.03895
-125.43324 186.01802 -0.006
-117.02605 159.0333 0.06998
-121.27894 172.61214 0.11579
-124.76549 174.56391 0.09626
-122.04091 159.6991 0.00949
-126.8511 178.65095 -0.00113
-114.41067 158.93713 0.06864
-138.89811 170.89558 -0.03877
-117.819 175.5588 0.00076
-163.19138 176.07411 0
-156.19998 177.62968 -0.00379
-160.10375 172.50909 0.0259
-151.75556 163.17315 -0.13017
-172.38032 179.71448 0.02289
-167.77409 183.18301 0.12615
-151.16032 183.06133 0.08778
-154.1156 176.34475 0.01494
-157.96655 176.09572 -0.13477
-173.44765 170.29228 -0.01924
-164.88868 164.93236 0.05633
0.9002 183.87029 1.57079
7.2722 178.86189 1.6237
2.30473 179.74468 1.5212
5.82885 196.86455 1.56561
8.43173 181.34394 1.42606
-9.98852 185.17047 1.56239
-5.40302 173.42926 1.61948
-4.95752 188.42362 1.52858
7.12585 185.60994 1.56814
-15.06447 174.63586 1.56186
-4.36387 178.99887 1.57032
