9.57301 148.68019 0
13.7312 145.53124 -0.09848
12.26617 141.73806 -0.0423
-6.04813 137.50068 -0.0167
12.83083 145.74744 0.01981
14.94246 136.20282 -0.1024
12.38837 164.08721 0.04156
12.28432 138.2656 -0.02494
7.48319 158.95287 0.04612
3.25159 152.58575 -0.00778
14.03796 152.75435 0.12141
-28.27241 187.5275 0
-26.02654 198.8469 0.02672
-31.81328 179.41511 0.00173
-34.83988 183.30907 0.00465
-38.86691 194.66052 -0.00495
-18.13372 187.33549 -0.03569
-20.98469 178.73792 -0.03376
-26.5128 191.07633 -0.02509
-29.24959 197.13584 -0.06636
-18.08804 193.42843 0.02389
-29.04647 177.15668 0.02995
