125.04011 370.35919 3.14159
134.38139 368.07063 3.1512
124.72533 359.06737 3.09164
123.82323 382.89853 3.12683
117.66921 358.73519 3.2846
125.29196 357.23838 3.06629
119.23605 381.53136 3.21149
125.40097 360.03095 3.04882
117.1717 384.6944 3.11005
125.64393 366.19548 3.1759
134.8316 364.56407 3.2385
20.68221 331.58144 3.14159
20.36805 339.93169 3.21542
13.30669 338.97867 3.23063
10.79858 317.43027 3.19201
20.13641 328.92862 3.19693
26.40042 323.9938 3.25923
17.28583 327.68208 3.13209
30.43161 323.84374 3.0941
13.75438 322.39693 3.10053
21.24054 320.02584 3.18806
7.80362 321.3636 3.10722
119.5515 91.06554 3.14159
114.42139 97.97268 3.18884
121.55251 83.32414 3.1404
113.32805 96.12263 3.11985
115.7368 80.33443 3.13174
125.80178 83.06995 3.21251
121.32637 82.67725 3.13466
117.06474 106.71615 3.1511
104.77808 101.23824 3.04939
127.52992 93.39263 3.05508
121.8217 90.33975 3.10561
