-363.19969 11.22518 4.71238
-372.80753 3.95028 4.70448
-376.6316 6.75112 4.60634
-356.78751 8.78475 4.73025
-369.80053 11.80036 4.69818
-366.64583 7.81154 4.70931
-371.76727 25.75811 4.67095
-348.36065 -1.59219 4.65343
-362.08545 2.79141 4.7213
-360.06665 17.34754 4.6691
-355.57265 14.986 4.71576
-201.02508 167.59036 3.14159
-195.67894 161.73002 3.15473
-211.88714 175.25484 3.14097
-190.49702 170.7437 3.13688
-211.83559 171.75913 3.19578
-210.63642 169.25657 3.27751
-194.32619 166.89416 3.15292
-195.76928 167.26887 3.12574
-203.93909 168.20463 3.0786
-201.91802 164.03038 3.09425
-199.37255 177.2127 3.08143
-363.19989 6.45022 4.71238
-361.76494 -0.29624 4.66447
-369.3893 9.11762 4.61454
-367.36441 -2.35308 4.85306
-361.38781 4.90444 4.72499
-347.04923 -2.47885 4.62251
-353.97544 8.83181 4.63407
-363.33 10.26826 4.65406
-368.06542 13.40582 4.85237
-361.44642 0.04061 4.74406
-365.60816 22.88107 4.67275
-147.59449 144.0741 3.14159
-141.91347 141.37771 3.1091
-151.4521 153.35125 3.15851
-158.74476 139.52081 3.28389
-148.72335 150.73857 3.23203
-142.08877 156.63472 3.21757
-156.38084 153.88345 3.20014
-150.49682 146.86985 3.22522
-152.47297 151.71854 3.15951
-138.65714 141.86265 3.16506
-152.73197 134.78985 3.06008
