-132.54623 128.28009 0
-145.66591 127.92276 0.04244
-126.55405 137.34998 0.00079
-133.85901 128.90764 -0.00402
-134.00702 137.60846 0.03011
-134.4303 114.81873 0.0101
-123.39889 137.72282 0.04356
-125.08242 126.97408 -0.06751
-135.5249 121.13986 0.06936
-130.29192 130.57209 -0.01661
-140.941 127.78116 0.02371
-115.0505 123.3703 0
-118.33793 121.08098 -0.06809
-121.75918 132.80939 -0.01256
-126.83802 120.59993 -0.06518
-106.72554 124.78451 0.08392
-110.16312 135.98706 0.0241
-115.69178 125.13489 -0.0603
-122.57242 128.82759 -0.03591
-116.9613 113.72288 0.01157
-111.84345 132.3457 -0.03952
-135.00566 122.80145 -0.00298
-137.04485 133.86819 0
-130.75833 144.95518 0.09521
-136.69415 134.48714 -0.08631
-135.93874 134.39519 -0.03091
-148.07145 146.24567 0.0518
-133.90299 121.95778 0.19069
-125.74406 125.28739 0.09806
-143.36806 129.59385 -0.01754
-148.54568 122.22634 0.04267
-132.81888 139.72462 0.07262
-137.23035 148.46984 -0.05704
125.2318 -144.52129 0
129.90652 -154.99788 -0.01132
125.45138 -129.71873 -0.0403
121.66086 -154.06779 -0.05818
126.50576 -139.69576 0.07853
128.51871 -137.51605 0.00533
127.11902 -156.01842 -0.03568
131.91555 -140.68797 0.07035
139.82302 -147.04155 0.0561
136.78506 -141.46161 -0.0166
126.97803 -141.16326 0.06434
-139.41289 -143.5452 0
-131.27197 -139.628 0.01326
-135.96076 -147.78333 0.07452
-130.56249 -148.66935 -0.03277
-141.57663 -152.23574 0.12796
-142.86241 -151.58774 -0.11007
-143.19955 -144.02985 0.02913
-140.64421 -143.11878 -0.01893
-140.04611 -148.5755 -0.01301
-132.13926 -152.80685 0.02201
-139.40605 -133.83988 -0.06196
-134.38799 144.254 0
-135.60064 150.12839 -0.10641
-134.99663 147.78805 0.05149
-135.02919 138.58345 -0.10701
-147.10355 145.72694 0.12755
-144.10865 141.34683 -0.05671
-123.39313 146.10913 0.00751
-139.05288 135.54465 0.00043
-132.60605 135.34523 0.14745
-136.15893 142.66019 -0.04784
-138.45526 143.64885 -0.07022
-126.80259 -14.32976 0
-125.5393 -15.86229 0.03405
-123.51339 -10.82378 -0.03868
-118.6044 -11.16716 0.15559
-134.32323 -19.61953 -0.13503
-141.71583 -6.6534 0.03986
-113.14483 -15.23543 0.02351
-136.59454 -29.57971 0.0499
-119.62667 -6.49279 0.0415
-140.34026 -15.17112 -0.11918
-130.19132 -11.98823 -0.03604
130.383 125.24573 0
141.27304 117.40831 -0.02726
128.04242 123.48299 0.02251
127.91954 118.21214 -0.15222
122.57034 116.74008 0.06428
121.48738 126.37543 0.12633
118.76982 129.76172 0.02429
129.4576 113.67896 0.0243
126.02908 122.64718 0.01111
133.04881 123.66998 -0.00075
138.65702 123.57636 -0.05003
16.90566 -162.11365 0
11.74581 -162.22758 0.12965
5.41024 -166.8762 0.01152
12.79965 -165.42461 -0.03532
12.37612 -163.21782 -0.05395
16.33729 -172.07456 -0.08816
20.76928 -164.27626 0.06919
23.7056 -163.82115 0.00339
16.03585 -168.41232 0.05149
11.73514 -158.17894 -0.01034
13.19738 -154.93848 -0.02544
-134.14202 139.98137 0
-137.36643 132.26388 0.00145
-143.30377 134.82513 -0.00837
-134.84944 146.59823 0.10058
-132.01745 149.21394 -0.04278
-138.85429 145.85349 -0.00706
-128.5515 134.1456 0.06485
-150.8093 140.98843 0.01501
-135.09347 145.3728 -0.05538
-141.81713 133.01607 0.07205
-139.70489 139.57998 0.01352
-139.50379 141.7103 0
-137.30621 137.97612 -0.03179
-129.65724 148.72202 -0.00565
-135.36093 138.77671 0.03419
-145.72457 149.37121 -0.04481
-138.75785 141.08632 -0.08675
-136.37513 124.44871 -0.2395
-150.44313 145.0108 -0.06953
-139.89763 138.36577 0.04634
-140.28036 135.73297 -0.04906
-149.62645 143.69513 0.04541
120.31359 -133.39029 0
124.56402 -127.54752 0.00186
112.15119 -133.66504 0.10247
113.21071 -138.25969 -0.02804
120.89307 -144.4245 -0.09169
122.54564 -125.35386 -0.06387
109.78427 -122.98547 0.03766
121.90425 -133.31575 0.00516
122.67173 -136.30897 -0.05094
130.43143 -125.38614 0.11692
117.19258 -132.18805 0.04844
