-72.18264 257.9997 3.14159
-70.64966 252.04644 3.23067
-71.1551 264.37051 3.15767
-69.25511 263.27049 3.1345
-69.82237 252.036 3.13517
-78.62055 275.57468 3.14363
-80.96596 262.48981 3.15876
-83.98482 258.78921 3.24219
-73.38343 262.56123 3.15081
-68.47011 261.34306 3.2367
-79.40074 256.90966 3.18879
71.88868 257.99969 3.14159
78.34863 248.39754 3.23985
81.26606 250.26333 3.18263
69.7965 247.60248 3.0855
87.09633 253.23634 3.0836
65.60474 272.04244 3.04512
76.6265 245.24617 3.14241
60.60543 250.72509 3.20097
79.16073 250.33834 3.25875
71.20426 259.55803 3.11753
77.17956 260.542 3.12752
