126.53561 334.06644 3.14159
122.75744 338.20964 3.09552
126.67741 335.64987 3.24109
128.65634 326.5634 3.27387
134.92641 329.13586 3.21523
129.90642 332.15765 3.18063
124.55487 341.74699 3.14408
124.23314 329.26927 3.16009
123.00513 332.30123 3.12629
129.94547 329.1643 3.17622
120.15509 316.40496 3.22923
-133.06428 332.7073 3.14159
-141.02302 341.56279 3.1963
-132.29714 336.55269 3.04684
-131.73651 331.48027 3.06733
-138.23005 324.15004 3.11519
-139.64374 328.96537 3.19129
-130.85425 327.44832 3.09794
-135.23065 330.94937 3.07682
-126.64524 335.3768 3.0693
-133.18012 326.97391 3.17539
-129.30396 342.75429 3.12398
112.94411 330.27859 3.14159
110.40713 326.14307 3.07976
110.06668 314.71672 3.07968
104.29917 328.32493 3.12299
107.08712 322.67397 3.24931
102.81254 325.7499 3.23047
112.62107 325.28428 3.17453
118.43352 325.80501 3.28903
100.30339 324.92462 3.1981
118.69524 322.72778 3.27594
111.75869 329.83358 3.09523
113.6543 291.76909 1.57079
118.90333 286.66553 1.55077
118.92566 298.10874 1.60342
105.09135 282.18528 1.56931
111.6516 294.62524 1.62581
108.96903 307.18656 1.50211
112.71998 294.16836 1.55932
111.61612 281.83621 1.59925
118.57902 299.85355 1.58591
121.89847 274.58366 1.6101
119.59842 304.23991 1.49292
-147.4235 138.16869 0
-151.74096 147.58284 -0.13024
-148.83115 130.62113 -0.01761
-151.87439 146.0052 -0.13002
-141.40688 133.42414 -0.08248
-154.68479 145.78704 -0.03841
-160.85876 138.91685 0.1016
-156.28765 134.85515 -0.01205
-145.40811 144.33598 0.08989
-143.8922 131.97812 -0.02208
-135.52112 135.2191 0.07756
-125.02958 219.90405 3.14159
-125.33881 213.44904 3.15591
-122.1859 221.87679 3.23872
-134.28353 232.49058 3.26122
-128.55695 208.2826 3.16845
-125.10499 217.80183 3.11479
-124.51432 230.40082 3.13696
-113.87879 215.58665 3.2436
-121.21268 221.64258 3.23933
-121.08795 214.5615 3.0838
-118.89658 212.59981 3.20022
142.79931 360.78217 3.14159
131.24295 358.42999 3.05555
140.40346 351.97968 3.03779
147.63057 366.00999 3.02233
138.57017 355.38008 3.22327
135.96766 361.21835 3.12951
144.16581 359.31429 3.00891
140.33608 355.16054 3.09477
134.8156 354.4502 3.17884
144.20495 353.05562 3.2292
151.55983 362.43113 3.14528
-119.13239 41.50505 3.14159
-116.23739 32.94155 3.25169
-108.08409 59.54119 3.16389
-126.42026 34.25718 3.17816
-110.88499 33.0108 3.11432
-123.35358 43.84944 3.14057
-135.09271 25.25164 3.17424
-126.10134 43.4424 3.16309
-100.61411 43.30901 2.91457
-124.92699 57.25359 3.08046
-118.48667 33.49621 3.17596
3.5052 298.8294 0
0.07464 298.60629 0.13649
9.22062 290.98903 -0.05764
-5.46658 290.55261 0.04841
5.06012 298.0096 0.15515
6.24677 304.02711 -0.04138
-4.37011 300.85335 0.06618
-8.72972 300.38225 -0.0743
8.20898 290.77791 0.0453
-1.70416 289.84917 0.03592
-1.19648 303.15897 -0.00459
