-121.87319 92.98772 4.18879
-125.79371 93.08928 4.08937
-108.53849 85.21913 4.15183
-121.96263 104.31497 4.33409
-120.04303 97.16771 4.2047
-123.83529 97.9213 4.06877
-116.16612 89.81712 4.157
-98.86744 86.43919 4.20063
-131.5105 88.85325 4.28431
-121.04983 89.85693 4.12455
-112.60258 86.88231 4.21411
-126.47533 -8.36549 4.71238
-121.40951 -13.4228 4.6838
-124.15393 -4.09872 4.6571
-124.00341 -4.26576 4.68915
-126.14438 2.60984 4.71714
-123.70431 4.02079 4.69197
-120.0094 -11.29329 4.7662
-135.49531 -13.89598 4.566
-130.47163 -9.24682 4.68293
-135.35973 7.23574 4.80701
-126.30698 -5.09413 4.65419
