125.95439 149.1573 1.57079
128.15901 147.83093 1.66352
115.17543 150.04107 1.54962
114.98755 143.22678 1.53803
134.10216 149.57446 1.57298
122.16889 151.99375 1.45241
132.39991 148.62604 1.56576
125.2937 144.33993 1.71815
118.40206 152.68905 1.45635
120.44157 161.41246 1.62622
107.13193 142.19141 1.44785
-116.93579 145.0387 4.71238
-126.82471 143.43594 4.69109
-121.80359 144.38436 4.75956
-121.64162 137.17641 4.89012
-121.33239 145.01411 4.77224
-117.77769 147.19948 4.57478
-127.81719 146.32175 4.73689
-114.45526 140.16045 4.67046
-111.32758 133.91042 4.63374
-112.98771 151.68929 4.69973
-114.46484 150.10079 4.78131
205.6359 131.18899 1.57079
207.29049 132.48154 1.45651
208.17234 137.78469 1.57888
214.79749 123.77945 1.51647
206.35897 130.24662 1.60508
209.54379 129.41287 1.50149
197.77908 137.07337 1.55248
195.79416 113.41627 1.53498
204.31465 131.26334 1.59029
200.60682 130.90756 1.5577
218.13145 128.02145 1.6565
98.5482 131.18899 1.57079
94.89462 121.66903 1.49499
96.84864 142.22594 1.48153
95.53357 132.86696 1.48807
91.8381 125.00536 1.5514
104.02426 134.38633 1.6227
105.83708 130.52601 1.4062
87.95551 128.05294 1.57587
94.33682 124.66862 1.69428
100.03392 119.62477 1.61961
105.56205 134.1906 1.66296
158.6243 197.12535 1.83259
150.68665 202.77094 1.7691
159.74751 192.49838 1.87498
166.60562 183.23209 1.83305
161.81499 200.60858 1.87262
154.04694 196.12471 1.88837
161.78638 201.02144 1.88549
158.88911 200.71609 1.95018
166.19436 191.99853 2.01684
161.3519 210.81021 1.78279
153.39418 193.8729 1.80381
100.06637 128.69799 1.30899
94.67783 127.80283 1.42356
108.27425 138.004 1.34259
101.15628 140.11725 1.44766
107.1229 122.83498 1.31825
103.61371 127.05767 1.36393
96.08469 125.69853 1.24399
106.00772 130.76865 1.20003
106.94343 127.99097 1.32841
92.73625 141.66232 1.34974
106.85876 133.83258 1.2808
50.38659 237.74989 3.14159
49.18442 243.1401 3.15405
49.50203 238.27129 3.18255
66.41205 233.15956 3.1271
48.30195 243.07881 3.15185
49.58774 239.33259 3.09908
54.14578 242.63569 3.0259
51.84061 241.93298 3.16196
44.61346 237.42397 3.00662
58.27053 219.76806 3.16144
38.1254 241.73479 3.00652
-56.28942 239.6146 3.14159
-49.64814 245.3677 3.13415
-57.52801 233.07724 3.07655
-52.85921 234.58016 3.11138
-50.62767 234.01266 3.04865
-62.76898 240.69902 3.13695
-45.49885 245.11907 3.0932
-53.08206 239.59046 3.13472
-69.57481 236.85991 3.33041
-49.23682 231.11076 3.00967
-65.28949 241.11984 3.08703
103.93183 141.65922 1.57079
102.76416 145.62284 1.50576
106.54848 138.32124 1.52439
93.22844 134.32212 1.63652
90.63572 137.10172 1.59943
90.42415 155.43062 1.52803
104.54372 139.44342 1.64904
103.34223 138.05312 1.66953
102.8668 144.14758 1.59196
112.42302 140.27274 1.62212
107.3747 133.8162 1.48603
-104.81752 141.09879 4.71238
-107.2274 140.72388 4.62197
-99.22039 141.23595 4.67708
-111.88271 141.97164 4.60798
-108.37184 136.59295 4.66197
-109.26704 144.0039 4.69625
-112.9688 142.09222 4.59691
-105.33319 143.57701 4.82319
-108.202 118.67103 4.52548
-109.22405 144.31947 4.69187
-114.88899 135.43236 4.69573
202.99921 142.03018 1.57079
205.69945 125.09589 1.58406
207.75484 148.4253 1.60654
202.98242 143.46887 1.62276
204.34014 150.47334 1.62477
204.18959 145.287 1.64108
226.59852 137.70117 1.58027
200.24525 135.66039 1.5835
210.11819 146.41804 1.63264
219.28061 139.36495 1.56502
214.41611 137.97874 1.72792
102.27391 142.03019 1.57079
117.99104 151.91921 1.53465
108.51862 132.54199 1.67863
114.54319 143.24822 1.51686
109.94935 152.2582 1.45315
118.91816 146.74036 1.57559
107.8352 137.81901 1.47144
107.5624 141.45734 1.61304
112.5635 150.00525 1.63064
111.74994 130 1.61875
110.18886 143.44375 1.50134
140.1287 171.65643 1.57079
136.83138 170.18376 1.50369
151.83385 173.83195 1.59939
141.95438 183.32676 1.61963
142.19135 156.21142 1.76179
142.3039 169.28599 1.61129
142.23325 176.16071 1.46948
142.14508 173.63776 1.6064
133.56403 185.2953 1.70096
132.71549 167.0486 1.43859
133.95432 170.01205 1.58053
-137.63379 151.19984 4.71238
-137.46815 148.40733 4.84438
-129.83287 147.42954 4.69578
-136.04422 151.98623 4.84642
-143.73985 167.02591 4.63589
-136.22184 161.83047 4.7472
-136.4992 155.08281 4.76314
-139.46092 148.2723 4.56386
-145.75356 150.87733 4.7397
-141.33902 155.07764 4.72322
-141.49617 153.78239 4.69637
