129.93589 -3.63721 1.57079
140.66164 -10.95481 1.4517
124.22794 1.49759 1.63279
129.38782 -0.70273 1.58217
129.08443 12.89529 1.51785
116.62282 -2.08826 1.60049
125.33103 -1.36916 1.65976
133.96636 1.52114 1.54684
132.85184 -1.77772 1.5027
137.8911 -5.20411 1.49578
139.7995 -0.37698 1.60747
-44.79126 -127.56169 0
-44.86019 -103.4606 0.09388
-53.24361 -123.57041 -0.02301
-38.08733 -121.97999 0.04824
-40.01805 -126.9573 0.11116
-34.71047 -116.7494 -0.11374
-44.54026 -129.1204 0.14947
-21.30652 -132.98745 0.07728
-51.06111 -130.56555 -0.0372
-45.93797 -122.49416 0.05757
-45.01373 -132.88617 0.0246
61.88475 -129.4264 0
55.56235 -122.73282 0.03084
69.38142 -116.20489 -0.00486
64.63753 -127.73626 0.12968
69.09282 -136.22826 0.03258
55.80783 -137.06494 -0.05855
62.41332 -137.40521 -0.0678
57.82656 -134.69004 0.03974
57.44446 -126.32625 -0.10532
51.45671 -133.63281 -0.10283
46.67069 -116.65713 0.07247
142.05556 -0.77369 1.57079
144.84658 -1.2555 1.44658
143.26827 8.22714 1.4161
149.8739 13.99115 1.61125
140.0581 -2.05984 1.47147
159.91613 0.06366 1.6467
146.15534 -3.36939 1.56943
156.90529 5.12985 1.59583
146.5301 15.0319 1.60093
142.32664 -9.35724 1.53584
135.3941 2.21135 1.61381
-140.70244 -1.65931 4.71238
-128.11178 -13.37634 4.70394
-142.9617 0.65809 4.77189
-140.37971 -10.4642 4.58306
-141.80283 -12.40821 4.66384
-140.78691 7.52474 4.72383
-139.93574 -13.49745 4.76231
-144.63484 13.3791 4.66103
-134.96337 2.12347 4.58065
-140.30734 4.82287 4.70283
-136.75121 -8.56576 4.68477
