-92.02035 4.07249 3.14159
-93.85051 3.70644 3.05258
-81.78424 -2.04312 3.07525
-91.99153 -9.9368 3.06962
-96.55251 11.44648 3.13531
-83.91725 -0.62583 3.0225
-88.92132 7.80895 3.09995
-77.16675 3.33212 3.18111
-85.02306 9.76434 3.15449
-95.48425 1.61299 3.26978
-90.80064 2.90619 3.03136
-115.12946 -11.9306 0
-112.97366 -20.49513 -0.01718
-113.89179 -23.0211 -0.01037
-109.51443 -9.10061 -0.08681
-116.10936 6.94982 0.10673
-124.08984 0.81276 0.01891
-107.35227 -11.49381 -0.09962
-116.79508 -10.71121 -0.0049
-122.30135 -3.91044 0.10941
-118.75763 -6.10694 -0.10011
-119.34237 -28.96114 0.0018
103.9094 -11.22129 0
103.04637 -17.20369 0.00562
100.36991 -10.263 0.15424
101.85826 -24.75227 0.01275
100.51948 -10.87114 -0.03488
115.46326 -8.43831 0.01332
101.3763 3.17716 -0.05903
99.96064 -14.92104 0.1025
104.5966 -7.10422 0.02629
107.57303 -12.6198 0.06934
92.95019 -20.78747 0.04433
-0.49669 -88.82889 4.71238
-7.48287 -89.91509 4.77996
14.71886 -92.76468 4.74411
-4.84665 -100.32291 4.77472
-12.68915 -94.76397 4.67674
-3.09205 -92.61387 4.64868
3.25017 -86.93381 4.75309
-4.42352 -88.84185 4.63949
15.72911 -93.31475 4.72649
-3.8612 -94.70213 4.49301
-1.72569 -93.56773 4.7114
-0.49669 -195.9166 4.71238
-2.12702 -205.56901 4.62952
5.86778 -201.80599 4.77643
2.5648 -183.49288 4.73976
11.06292 -190.51918 4.67817
-12.83746 -207.17515 4.62745
-1.97618 -187.60574 4.81754
-5.32642 -193.54496 4.81605
-1.97801 -193.9786 4.7739
5.60174 -196.2697 4.74716
1.28399 -205.31206 4.79253
-3.5533 209.31899 4.71238
-1.95429 203.39525 4.84719
8.95647 217.75853 4.5581
-3.75719 219.4131 4.72502
-8.82383 199.90203 4.72536
2.54689 205.72806 4.63729
4.93476 205.02605 4.6297
-7.90462 203.35865 4.755
1.31352 214.05609 4.66018
-6.40341 226.1047 4.84352
-4.86555 210.27314 4.69359
-3.5533 102.23129 4.71238
-2.43999 108.89431 4.65948
0.74594 106.85291 4.60004
0.21781 110.38365 4.66516
-2.09055 114.87283 4.7832
-3.50848 95.62527 4.78088
9.51968 101.95315 4.73259
7.22252 100.62022 4.80105
-10.429 110.39472 4.61455
-0.22255 100.66767 4.75159
-2.59683 100.78695 4.60846
-260.10899 207.75189 4.71238
-254.72026 206.83666 4.70134
-257.30391 228.45048 4.60224
-264.09731 199.07646 4.70668
-254.17826 209.18911 4.82208
-254.50019 210.35379 4.67306
-261.59187 202.76765 4.71361
-268.45095 194.66909 4.65577
-259.82393 211.89678 4.69386
-246.20567 211.17039 4.80634
-261.54588 211.2384 4.64382
-260.10899 100.66419 4.71238
-261.7486 105.17109 4.77939
-274.05995 97.15307 4.70831
-261.90225 104.30899 4.69964
-255.37594 103.56768 4.64165
-257.77799 97.60312 4.58396
-253.40196 112.04098 4.60504
-262.05089 96.99943 4.70739
-272.30561 99.74787 4.72935
-256.25368 104.70088 4.58759
-254.9685 105.19269 4.72737
-70.15009 23.6554 -0.26179
-75.21994 28.81183 -0.31145
-74.20302 20.7716 -0.28082
-66.756 22.41551 -0.40708
-67.30177 9.22914 -0.26312
-63.46697 23.37948 -0.28024
-76.55543 18.23109 -0.27412
-74.28395 33.462 -0.32729
-59.45631 18.87155 -0.32711
-84.21052 28.03316 -0.25689
-77.48064 28.80233 -0.3327
70.7418 22.7971 0.26179
71.00842 28.8728 0.30997
66.56661 22.76207 0.23735
68.44211 32.16532 0.30386
69.10757 24.36837 0.27022
68.44234 40.97686 0.22562
70.59203 17.92661 0.26349
86.83412 22.12483 0.33588
74.79821 32.7222 0.26074
58.68244 18.1596 0.17946
65.17751 19.4785 0.26191
228.16989 76.71028 1.57079
221.79137 82.43775 1.57914
235.58692 71.09245 1.51865
223.68166 72.67131 1.60807
231.27643 72.53457 1.48203
229.17253 78.58015 1.48054
223.00359 65.0292 1.55253
224.89751 72.9251 1.62803
220.92031 70.18149 1.59724
234.39772 67.63138 1.58825
222.60754 71.72117 1.65598
230.0346 183.38629 1.57079
217.99685 173.05328 1.62343
225.97434 192.58118 1.53373
230.26033 193.46476 1.56284
233.92193 190.28903 1.63359
237.31327 188.89682 1.67372
233.01342 184.6619 1.54833
237.93465 185.1491 1.59849
236.93623 183.01468 1.62958
232.54769 179.90713 1.58646
224.05848 185.80571 1.57298
8.30995 76.71027 1.57079
7.92607 75.1137 1.65899
3.70578 86.57816 1.45101
3.3471 93.28139 1.52798
19.76973 77.14037 1.67041
15.36387 77.74743 1.56497
8.94421 90.05391 1.45354
0.69451 68.77729 1.48894
5.01687 77.71274 1.64191
9.1984 78.70582 1.47391
9.2672 72.44367 1.44305
10.17466 183.38628 1.57079
7.12417 191.41415 1.44193
7.99883 188.75551 1.64444
16.3246 177.35292 1.59918
23.33182 184.47851 1.67913
10.65799 188.40462 1.56278
-10.97624 176.93258 1.50676
5.54162 183.38724 1.60606
11.24585 190.54491 1.6381
11.12031 174.9835 1.59757
2.58321 188.50934 1.49475
-237.59925 -168.24526 -0.66593
-237.20592 -163.20408 -0.57813
-233.93537 -165.7972 -0.45306
-229.44717 -171.74907 -0.65958
-248.95497 -166.86378 -0.65228
-241.69068 -161.37461 -0.61688
-239.92004 -168.80241 -0.67423
-230.95489 -166.90836 -0.62728
-235.17238 -169.23823 -0.67874
-248.4918 -164.0493 -0.59207
-241.70454 -157.72535 -0.72337
-63.60957 54.64588 2.47565
-63.02842 44.57578 2.45387
-58.40897 58.5222 2.45136
-67.456 51.52406 2.53497
-68.26381 67.38338 2.46128
-61.2635 57.24935 2.4787
-56.50785 48.3694 2.54039
-62.56657 50.90261 2.4047
-61.3693 64.97098 2.58537
-67.90478 40.02778 2.41556
-55.54926 51.33459 2.40238
266.23959 -205.46169 1.57079
267.0333 -189.07784 1.56973
269.76029 -214.96108 1.67739
264.55888 -216.52945 1.57292
281.97488 -213.19911 1.49139
261.6117 -200.6247 1.51656
258.21684 -210.28834 1.64882
269.78617 -217.59683 1.56233
266.72977 -206.11055 1.54271
264.67871 -203.59781 1.45642
247.66998 -205.17702 1.60975
266.23959 -104.73639 1.57079
271.86963 -95.22353 1.42999
280.27996 -103.09325 1.58064
269.56483 -100.69137 1.5518
258.21754 -118.74158 1.6375
273.28162 -101.63326 1.43579
272.54799 -103.2757 1.65467
267.26012 -112.76559 1.55849
262.69197 -109.32355 1.53934
267.12362 -114.09307 1.62029
271.32944 -113.66296 1.57462
1.5949 -204.48559 1.57079
6.69441 -194.98076 1.66275
5.07013 -209.81404 1.48376
5.84474 -195.65447 1.61218
9.94213 -211.30494 1.63161
-5.97534 -207.63552 1.48427
-6.14646 -196.05032 1.59696
-0.45982 -210.49655 1.51499
7.39849 -205.79716 1.53198
-2.96025 -186.56487 1.65994
-12.71852 -193.55147 1.53446
1.5949 -103.76029 1.57079
2.68115 -92.26952 1.57566
2.21529 -116.64698 1.63364
-0.96045 -99.07159 1.63466
-0.32779 -107.60118 1.54328
-5.54157 -103.788 1.49566
2.0108 -111.91143 1.58351
7.4279 -100.41572 1.5214
0.97436 -101.47217 1.5985
4.63548 -99.89514 1.58774
11.10066 -99.4725 1.54373
6.61979 83.3136 1.57079
14.88834 84.75931 1.66154
13.03206 84.32717 1.48049
18.0114 77.39287 1.69753
6.54201 77.07744 1.53478
7.94413 90.38629 1.53382
13.91727 84.40488 1.58078
8.86961 75.60773 1.57947
16.65377 65.73068 1.5837
11.56745 94.02411 1.5241
16.05236 76.89731 1.61345
6.61979 184.0389 1.57079
18.50948 180.29259 1.48684
10.66064 190.8781 1.61063
17.683 177.67452 1.61553
8.42818 186.01825 1.53857
7.16843 181.48822 1.55516
1.46331 181.75341 1.57568
-1.93854 176.82469 1.45424
0.17376 208.51053 1.49949
24.62253 182.79925 1.60786
10.42551 186.70577 1.43434
-90.63509 -10.32885 0
-88.91822 -4.90195 -0.02428
-97.41647 -14.47966 -0.11789
-96.21265 -16.11375 -0.09405
-87.34581 -8.90166 0.12439
-88.51066 -12.60142 -0.04173
-88.57765 -13.96662 -0.07045
-99.96701 -0.12175 -0.03953
-92.80281 0.05948 0.0011
-96.80107 -19.88568 0.06197
-95.83217 -5.04818 -0.05408
-7.07619 72.17824 1.57079
-6.9869 61.37671 1.47741
-3.96912 63.97498 1.5886
-18.65211 80.87384 1.67592
-3.08931 72.5384 1.50128
-5.32335 82.14326 1.54703
-2.21345 72.73232 1.55905
-3.31752 75.04278 1.5288
2.75081 78.22246 1.6135
9.10548 65.18854 1.59128
-9.71442 67.0709 1.58664
-7.07619 -71.89308 1.57079
-3.60695 -70.15324 1.56944
-9.96242 -76.89149 1.56152
-1.80054 -77.49764 1.63055
-14.31303 -62.12522 1.5583
-13.6259 -60.08543 1.49709
-9.24919 -67.08714 1.54609
-14.94792 -77.57278 1.58474
-8.82418 -77.17713 1.61376
0.46881 -73.47838 1.51908
-5.2519 -70.35706 1.5887
260.7527 213.05638 1.57079
256.30044 220.70162 1.57118
260.79232 227.17724 1.45082
266.62311 214.48702 1.39972
268.65592 210.05954 1.55138
261.39663 203.00921 1.38354
251.8083 216.65273 1.51723
260.90118 213.52225 1.59685
256.24136 214.44962 1.5508
257.70546 213.73304 1.42288
255.38171 215.73389 1.48559
260.7527 68.98505 1.57079
265.42993 59.61953 1.52597
252.39796 71.7363 1.74363
255.99982 76.62656 1.52501
269.56182 69.88329 1.57205
265.42231 73.62743 1.58341
260.89056 69.13335 1.58361
259.12413 74.95552 1.62193
257.60341 64.60011 1.61676
263.14125 63.42214 1.54383
240.12653 58.95945 1.70675
-1.179 -106.22074 1.57079
-11.03862 -108.66098 1.69418
15.45581 -107.34693 1.53299
-0.89344 -108.67981 1.5802
8.16384 -104.37394 1.49769
1.64745 -101.23757 1.57155
-6.94783 -101.68074 1.5858
4.28992 -113.68207 1.60257
-8.01932 -104.40016 1.69048
-6.66876 -119.79411 1.6796
3.96781 -108.05905 1.56391
-1.179 -250.29207 1.57079
13.24435 -237.80182 1.40617
2.58359 -246.99084 1.42239
9.16707 -245.73336 1.58393
-6.46717 -264.16428 1.49003
-13.54431 -240.68943 1.53358
-6.84881 -240.80352 1.47856
-0.5691 -249.58669 1.50117
8.71645 -255.54552 1.5786
-1.24733 -257.18107 1.64715
-15.0037 -243.33622 1.50652
