10.31952 177.57736 1.57079
11.71757 162.6376 1.58033
16.7306 189.90427 1.49939
7.03222 173.3718 1.54597
21.12524 171.55697 1.5369
6.77427 181.1505 1.65195
9.19315 182.73272 1.67606
15.4059 174.98661 1.64575
23.34077 185.36933 1.62754
-2.81232 181.32117 1.55144
4.46215 188.27683 1.57252
0.69669 171.922 1.57079
5.51414 167.19378 1.49114
9.04458 167.98844 1.75885
0.97079 162.08825 1.59872
-2.76526 161.03726 1.55383
-10.26437 173.2162 1.42588
6.52013 183.63246 1.55603
5.92138 166.05663 1.58146
5.6149 176.33283 1.65456
0.64272 179.48182 1.70638
-14.19427 181.44118 1.53739
12.86609 180.8112 1.57079
8.76432 180.81579 1.5422
17.27691 178.78265 1.49083
15.46963 180.63147 1.46545
13.1498 176.94401 1.58487
24.18176 184.95721 1.7099
27.55427 186.66769 1.62546
6.33182 181.10236 1.51793
5.13151 179.83128 1.53316
10.14322 186.2942 1.64435
6.62379 180.53471 1.56969
-103.84289 -125.4997 3.92699
-107.66924 -136.19935 3.83524
-99.8879 -127.35104 4.03598
-101.43274 -127.08917 3.88709
-112.74093 -124.3644 3.95021
-110.07451 -120.30921 3.95832
-101.97736 -130.63279 3.94849
-104.16013 -127.50653 4.01931
-96.89726 -118.21758 3.98374
-105.85536 -124.61557 3.94359
-115.89368 -134.97256 3.9412
-14.5866 -155.78047 4.71238
-14.39887 -161.10326 4.70175
-1.75049 -158.65302 4.68952
-18.94948 -150.02241 4.66191
-9.68573 -151.75216 4.71199
-8.03237 -149.02945 4.74228
-14.17668 -163.44103 4.67277
-12.46383 -165.58586 4.70241
-6.89627 -168.11077 4.56286
-7.97993 -168.06524 4.60306
-8.19785 -148.15312 4.75189
17.82967 194.38706 1.57079
6.42354 193.68716 1.56199
21.55411 197.28763 1.58815
7.24202 193.03211 1.40707
27.67628 187.9365 1.50841
20.83999 199.28172 1.55331
6.84285 202.46321 1.57753
16.63358 204.07893 1.72257
17.70631 178.35713 1.65836
20.81086 187.03163 1.6497
30.4372 194.38228 1.47871
-102.66156 -134.83285 3.92699
-102.29769 -142.91714 3.88625
-102.10347 -136.50058 3.90788
-96.60666 -131.55471 3.83426
-104.59175 -123.17503 3.89565
-106.29349 -134.85112 3.90797
-95.86378 -126.35136 3.93409
-102.83825 -138.84208 3.92109
-99.35144 -138.0532 3.90388
-109.44214 -131.66477 3.85414
-96.81147 -144.10253 3.94364
