-44.63679 175.8079 4.71238
-35.10457 183.81182 4.69215
-42.33594 177.0794 4.75911
-46.59265 166.5343 4.66463
-42.90083 170.68512 4.74823
-45.49448 178.48177 4.74648
-39.76872 173.16417 4.73551
-35.02557 177.72671 4.60606
-36.07651 174.98471 4.61485
-40.33012 171.08393 4.83777
-42.40279 174.01272 4.65572
-44.63679 173.1873 4.71238
-41.80658 179.16062 4.73589
-48.52146 162.80467 4.75072
-52.95912 180.43743 4.78906
-44.52852 182.40082 4.63624
-53.78335 166.65581 4.73079
-46.36954 179.46415 4.75622
-36.55988 169.21086 4.68634
-45.81618 166.37584 4.67535
-46.81423 180.02928 4.70791
-39.23854 180.24971 4.73715
-44.63669 179.45703 4.71238
-32.42517 189.39882 4.70187
-49.72271 171.97923 4.62916
-43.53121 173.96274 4.79987
-44.69513 170.1163 4.58312
-43.26249 180.09808 4.7563
-28.29964 171.30645 4.69
-45.21791 191.87522 4.80922
-39.76253 182.04088 4.7335
-54.86749 166.33039 4.76353
-46.86243 187.26193 4.59087
168.1883 13.71674 0
169.04795 19.50364 0.03274
176.38151 17.72254 -0.03796
167.85606 16.44921 0.01382
167.62699 19.33135 -0.06936
179.95485 3.14634 0.09352
169.01473 21.21394 -0.00257
153.63822 -1.06574 0.04728
167.1585 5.79435 -0.01093
183.42447 14.86834 0.0334
161.68547 15.82004 0.06803
330.3633 179.44869 1.57079
334.74417 181.99683 1.471
334.13536 186.21441 1.44049
328.12438 172.69129 1.53909
319.05667 180.97789 1.48467
329.13889 189.24104 1.5444
339.36453 181.51553 1.40717
335.67967 188.67592 1.5568
333.40789 177.13935 1.65847
320.96637 183.73296 1.47638
337.15608 171.76693 1.66983
-44.63677 187.2631 4.71238
-48.82244 199.24918 4.60556
-29.59101 182.38402 4.67899
-59.09108 197.09852 4.71316
-54.45088 186.66222 4.66493
-41.81804 187.68171 4.84548
-52.40867 190.82675 4.68589
-42.96236 186.92028 4.68794
-42.55121 176.78573 4.70513
-41.52782 186.70368 4.70679
-42.87011 193.39164 4.72014
330.36395 173.11089 1.57079
330.2722 167.75431 1.71157
322.27505 164.75477 1.60471
333.09274 179.81888 1.63471
322.00503 164.50862 1.6885
335.65965 180.94845 1.53736
316.01514 174.93094 1.5022
334.14815 178.05521 1.54691
325.5874 172.37658 1.59566
331.9916 180.22832 1.77435
337.48643 181.28619 1.52758
