-159.3713 -0.47642 4.71238
-161.6463 6.11846 4.74292
-167.84411 -4.69151 4.71822
-160.21877 5.14891 4.76424
-160.93961 6.38489 4.67326
-158.84529 -7.27733 4.68477
-171.11922 1.05014 4.63284
-151.26419 4.52559 4.73696
-158.70495 6.74343 4.90142
-157.07142 -8.82924 4.74642
-153.76462 -8.41045 4.64123
143.81359 -5.325 1.57079
153.1619 -8.89151 1.42903
146.45366 -1.79726 1.62596
140.13071 -9.50132 1.50476
139.68302 -0.99864 1.56154
139.70371 3.14798 1.58015
149.39847 -8.93377 1.69577
133.03861 -3.95649 1.61923
134.75199 5.05295 1.50697
155.53698 -19.48473 1.47234
138.7673 -7.78841 1.6167
52.3254 136.26309 3.14159
56.80433 140.56713 3.28408
61.99274 136.5334 3.27452
45.83254 135.66049 3.11853
49.06129 122.98502 3.10863
52.27228 132.42212 3.24183
65.80923 131.38331 3.21487
37.5352 139.47549 3.15534
49.41727 127.6191 3.05666
43.51038 133.68299 3.13419
50.56596 139.29054 3.15997
-54.76229 136.2631 3.14159
-56.9107 128.51359 3.085
-49.10181 139.29357 3.29634
-41.85423 140.35409 3.23291
-47.11569 116.78231 3.06371
-63.75537 130.47059 3.03588
-51.29052 141.41074 3.13794
-56.97065 121.75122 3.11765
-61.51381 148.27572 3.09504
-63.69441 138.64699 3.21596
-43.39854 123.7772 3.05997
-149.98459 56.90531 4.45058
-155.32682 70.57934 4.3816
-148.10343 59.51382 4.44128
-159.12772 54.23325 4.45136
-153.39173 63.28112 4.67117
-156.17529 66.29185 4.53336
-149.7264 54.28656 4.38432
-153.07687 55.4922 4.41634
-156.43487 52.32186 4.42591
-150.78505 65.60267 4.46377
-153.56474 71.329 4.40654
-150.8429 -83.98658 4.97418
-136.8977 -88.35362 5.03396
-153.77434 -80.77643 5.05697
-160.03115 -85.0503 5.09821
-145.27073 -78.63182 4.95549
-147.20367 -80.89834 5.05328
-152.38536 -78.43643 4.95515
-155.13369 -76.68953 4.99174
-147.73053 -81.74134 4.98852
-161.79773 -75.65799 4.94609
-150.07427 -92.07897 4.98916
-154.6127 1.68191 4.71238
-158.37972 -7.8286 4.79552
-143.03762 -3.86847 4.80699
-158.41954 8.34749 4.75478
-152.95691 -2.4359 4.7259
-162.80851 -0.54473 4.71652
-148.19297 -6.52696 4.8177
-153.24181 -1.46623 4.73602
-154.1761 3.87914 4.70294
-143.83767 8.20009 4.67809
-149.34567 8.96914 4.69713
58.29805 -128.3547 0
47.64962 -119.38881 -0.03048
57.71494 -133.45006 -0.1576
55.3412 -137.14745 0.04133
41.51252 -126.19454 0.0314
50.20688 -124.69723 -0.07415
56.16746 -120.53067 0.06708
59.13264 -125.12676 -0.05954
73.5769 -114.72693 -0.10548
62.61179 -122.19476 -0.0428
52.30631 -130.55028 0.06336
-85.77327 -128.35469 0
-81.69575 -123.38318 0.03157
-84.77383 -113.56542 0.00698
-81.95528 -125.2439 -0.02115
-88.19817 -136.86969 -0.07372
-91.98263 -130.21003 -0.09857
-86.12571 -124.67134 -0.16276
-81.32378 -139.50581 0.08434
-88.13484 -129.69115 0.04755
-87.46337 -124.05908 -0.06105
-89.02012 -121.54625 -0.0398
