128.28467 142.05816 1.57079
127.78091 141.09648 1.45699
130.74504 145.06591 1.57098
129.56804 142.23749 1.54669
139.13967 137.69198 1.69494
145.06456 155.41131 1.57609
117.71779 147.33212 1.6827
124.22958 139.06548 1.50757
120.24143 141.31522 1.53711
137.45659 139.31592 1.50591
121.38476 139.28337 1.6538
-142.05815 128.28468 4.71238
-138.00014 128.62641 4.71738
-137.58172 128.60453 4.655
-150.60213 129.16209 4.6028
-148.84735 126.40026 4.74481
-151.19814 140.17016 4.62738
-140.47503 131.61395 4.56955
-154.14789 130.54358 4.78573
-145.19895 131.0076 4.73894
-150.37898 122.34873 4.67406
-137.00474 124.17038 4.67152
-133.1544 138.66663 4.71238
-125.33003 151.61321 4.60313
-135.89161 124.47818 4.80835
-137.71897 145.87008 4.69394
-131.94597 147.66716 4.53713
-143.91596 135.2579 4.71603
-128.25595 141.52204 4.77568
-133.85545 142.86844 4.78619
-137.44449 147.43506 4.68618
-128.15563 147.20956 4.66452
-136.08583 143.58825 4.75982
138.66663 133.15439 1.57079
127.96659 120.04215 1.63396
145.15891 125.70585 1.4621
142.11445 137.93643 1.54086
146.9716 131.38256 1.59209
141.01047 140.58105 1.55506
145.34626 133.48907 1.60885
129.15211 130.91018 1.59822
133.46273 123.81066 1.45364
151.09167 135.90771 1.67672
144.18096 126.05647 1.5435
2.1193 257.99999 3.14159
-1.21942 260.02037 3.09848
15.90163 253.27012 3.1746
1.26993 264.20816 3.10997
-0.34486 264.38606 3.18121
2.90082 259.01923 3.09735
11.69053 249.25178 2.93936
10.84816 248.32935 3.11663
-3.91866 255.17582 3.1198
1.36295 259.45345 3.0887
12.03642 261.7211 3.08948
2.11931 257.99999 3.14159
-8.45103 258.27933 3.24284
1.13872 258.83249 3.10566
0.1856 262.97177 3.08527
6.21672 260.74285 3.21535
-5.23777 263.03242 3.19546
-1.55834 255.63139 3.12063
-8.58716 251.67976 3.06567
1.53704 252.52489 3.12753
3.23819 257.70177 3.07955
6.9751 249.06025 3.23627
-0.73559 258.00016 3.14159
2.67446 254.00531 3.3399
3.67019 265.85623 3.19362
3.19055 264.18269 3.14148
1.97826 266.1769 3.18779
6.47297 262.57488 3.10718
-4.61743 263.94252 3.12738
2.60928 244.31848 3.22009
13.07205 250.97215 3.1977
3.50616 280.55896 3.1299
2.98365 250.44269 3.00853
-0.73558 258.00016 3.14159
-3.82218 265.81407 3.08376
3.7074 256.32359 2.99807
6.03331 260.77743 3.11303
1.4261 267.59194 3.1025
11.04425 265.12974 3.16875
-5.21596 256.50934 3.14011
-3.34869 260.86647 3.04572
-4.35606 262.85934 3.03902
-10.98134 268.87261 3.24658
4.81249 255.59487 3.09282
-137.96899 130.20662 4.71238
-144.44415 131.68496 4.63883
-142.73849 135.37885 4.82865
-129.74488 131.9418 4.65611
-137.86478 123.91617 4.88569
-145.67123 129.53303 4.74543
-145.20872 124.61549 4.70745
-148.17755 138.97278 4.67473
-134.52474 130.38059 4.71364
-132.90617 135.35198 4.74863
-148.03184 139.83822 4.60117
130.2066 137.969 1.57079
136.17821 126.54 1.4816
120.87137 128.64065 1.6332
129.84111 132.62217 1.60057
130.05626 137.64504 1.53618
137.40881 128.85441 1.62903
129.44397 135.38463 1.59632
133.17643 122.0119 1.62421
138.32313 142.46673 1.61845
129.56364 148.41483 1.54049
125.7956 129.5582 1.63127
2.1192 257.99999 3.14159
-18.18957 261.39389 3.18887
11.3459 253.41345 3.24018
8.58594 258.72496 3.10837
19.10498 257.22476 3.15141
-0.70808 260.42044 3.16762
2.88011 252.8694 3.14239
-2.42587 261.18328 3.14473
1.21495 264.13977 3.10281
0.81081 260.77332 3.23645
-3.65653 258.64242 3.05052
2.11921 257.99999 3.14159
4.9844 261.15948 3.18128
-3.04971 262.18278 3.10167
4.56323 263.32687 3.1284
1.67268 249.05141 3.24105
-10.37978 253.99551 3.18337
5.40658 259.26654 3.26676
1.92568 259.80996 3.27357
8.24788 259.99043 3.27036
10.6601 260.70777 3.16899
-5.80246 258.66184 3.10259
133 127.54423 1.57079
117.49788 134.81932 1.58573
129.6765 111.879 1.66372
132.59442 126.1784 1.73682
144.22059 126.15432 1.68036
134.22273 118.70502 1.50725
113.88369 119.03128 1.76121
126.55111 136.44407 1.64671
130.15746 146.02813 1.57039
140.43914 126.85568 1.55626
146.91236 124.08249 1.5779
-127.54423 133 4.71238
-141.47593 137.4441 4.77519
-133.24415 135.29042 4.79496
-133.75566 121.84257 4.82668
-128.90932 132.8199 4.75349
-126.45192 139.78946 4.77524
-122.56266 128.25554 4.6927
-129.17212 118.08933 4.76532
-130.67053 123.39144 4.70742
-130.39555 126.37473 4.6164
-124.02538 122.13413 4.70166
5.26321 280.48999 3.14159
14.36732 274.2008 3.1985
15.40954 283.94132 3.23335
-0.50271 280.8261 3.04889
5.12502 280.34153 3.25207
10.57812 276.44313 3.09268
13.5674 281.69672 3.40997
-0.11599 281.36274 3.2458
-1.58266 284.42584 3.13686
1.55706 288.59308 3.05536
9.3958 275.35814 3.14815
5.26319 280.48999 3.14159
2.74022 279.63114 3.06074
9.95204 278.53848 3.24993
-2.74596 287.92738 3.16056
-0.46388 282.70787 3.23401
0.6631 274.62143 3.08889
11.9484 292.52959 3.09652
-8.41559 286.63702 3.06092
-6.25756 279.92155 3.0165
0.13418 275.72485 3.20458
1.09071 273.75289 3.08165
