-305.85745 -122.22668 4.71238
-309.2028 -123.27424 4.70253
-311.30377 -115.327 4.69745
-312.18483 -119.20634 4.64149
-304.38628 -105.24029 4.77223
-322.19404 -113.31213 4.61699
-298.48168 -112.01763 4.79661
-307.54892 -112.31048 4.66376
-293.02645 -134.52726 4.82089
-303.16477 -117.57375 4.58565
-313.38875 -118.65886 4.71325
-309.5068 -111.95197 4.71238
-312.95253 -105.66663 4.67891
-318.19024 -112.45069 4.64029
-314.29994 -111.93707 4.70966
-292.07572 -91.86938 4.8108
-311.71881 -120.82927 4.73183
-304.90513 -121.68547 4.74435
-313.68504 -113.85772 4.66015
-318.20935 -108.86081 4.59111
-301.0758 -93.84688 4.65723
-321.22929 -117.92889 4.7232
-295.2923 -114.35377 4.71238
-303.59725 -122.8203 4.79529
-296.8354 -120.96717 4.597
-293.06478 -112.95496 4.77041
-292.56881 -102.6532 4.65037
-287.28001 -114.66749 4.77145
-290.9905 -127.58352 4.69871
-301.62339 -117.39544 4.82131
-308.97738 -110.51219 4.7136
-287.7574 -113.40948 4.6493
-297.955 -113.22183 4.74652
-314.6794 -124.17872 4.71238
-322.55305 -117.51496 4.73097
-314.02036 -126.7376 4.65508
-294.91314 -114.82054 4.70641
-306.62656 -122.35502 4.79664
-309.07656 -121.82453 4.72985
-313.54042 -122.964 4.62495
-328.03791 -117.40826 4.63577
-303.09067 -123.52179 4.74401
-299.68387 -116.42022 4.75262
-311.47315 -124.68553 4.61265
-343.6649 -19.42157 4.71238
-333.74778 -18.72877 4.64921
-332.56878 -38.29114 4.67711
-354.47137 -19.83382 4.72026
-340.4315 -23.43997 4.7437
-344.73574 -16.60542 4.84253
-352.13465 -15.16508 4.65702
-330.90761 -27.12468 4.61554
-352.13181 -16.31839 4.59552
-357.94051 -20.62048 4.6416
-344.73473 -28.10558 4.69633
-326.39465 114.70492 4.71238
-329.92477 122.22305 4.62042
-330.13289 122.12393 4.69424
-332.92953 113.18961 4.65363
-324.74523 110.54784 4.80534
-318.09085 115.04887 4.65202
-328.77458 115.04202 4.78725
-337.85427 110.97031 4.59303
-330.07383 125.10446 4.6883
-342.969 125.23828 4.72979
-331.07297 116.79517 4.81199
-326.39466 -105.15501 4.71238
-324.2249 -103.36457 4.6036
-324.21945 -113.0335 4.67842
-331.58956 -104.78745 4.79853
-326.71655 -116.8337 4.74671
-318.83926 -102.4974 4.78635
-312.35095 -104.39151 4.67087
-324.54898 -115.15441 4.75918
-338.24576 -99.79562 4.71864
-330.25806 -96.76907 4.84528
-332.95614 -96.5405 4.62152
-280.79672 -155.16385 3.80752
-276.71648 -155.53082 3.79468
-277.65328 -154.38958 3.80321
-279.82289 -156.5341 3.78501
-273.20073 -165.36878 3.77938
-282.95932 -157.58657 3.8724
-278.93809 -154.66194 3.68641
-287.85403 -164.82206 3.78934
-283.66898 -159.6339 3.73837
-282.1612 -150.5745 3.85019
-266.77385 -147.08256 3.81577
-225.03118 153.87371 4.71238
-222.2734 159.62268 4.71426
-223.33376 158.42182 4.68426
-220.83947 156.96557 4.6951
-231.27619 164.52008 4.75833
-226.60354 148.48632 4.79987
-204.77883 164.08896 4.63479
-226.44972 148.06535 4.80657
-224.4045 160.24764 4.76399
-217.91992 157.23974 4.76832
-230.9535 151.68957 4.76769
-175.80948 -206.05788 2.35619
-171.07836 -209.9752 2.36689
-175.45272 -215.6475 2.40813
-181.88994 -208.56518 2.27166
-172.18174 -197.06146 2.42527
-169.94496 -209.07249 2.4654
-179.41901 -195.22889 2.35635
-179.67809 -205.17912 2.40399
-182.33614 -203.90694 2.30824
-181.29459 -204.52493 2.29768
-169.99577 -186.39463 2.34217
-362.2513 -18.23558 2.35619
-359.18311 -11.21791 2.37061
-365.08007 -12.35315 2.27063
-371.81606 -17.58794 2.37743
-365.50548 -17.86104 2.37398
-368.88402 -13.7685 2.48344
-368.25596 -26.55511 2.36087
-362.34015 -23.98841 2.26307
-359.20136 -17.46405 2.51653
-361.00232 -12.72141 2.1805
-350.79163 -9.63466 2.45067
-155.19335 181.716 2.35619
-147.56852 180.16458 2.20625
-154.87144 176.1282 2.32282
-154.57646 194.99788 2.30474
-147.88961 177.91618 2.39541
-166.28106 167.60855 2.35094
-157.08206 187.37267 2.37929
-145.456 186.70578 2.19198
-153.5177 190.12012 2.49992
-165.51776 181.98674 2.35764
-155.17422 178.25222 2.42865
-304.8872 -113.21807 4.71238
-313.42665 -112.38782 4.70485
-305.37524 -111.38766 4.59473
-300.82029 -115.04091 4.76623
-305.75099 -106.14157 4.75885
-297.73233 -103.88379 4.78936
-304.38266 -113.82283 4.73047
-295.08224 -108.77801 4.71392
-303.84509 -106.87329 4.78571
-310.81887 -121.12085 4.59714
-296.49949 -100.97925 4.75526
-180.0573 -108.9729 4.71238
-170.16927 -110.42746 4.64685
-175.91063 -112.73061 4.60136
-182.52452 -99.54254 4.70921
-187.92927 -106.16797 4.73863
-180.55699 -114.78157 4.67612
-179.42314 -102.94831 4.78272
-177.78243 -101.02962 4.62082
-176.8038 -103.59733 4.69158
-187.37103 -111.4788 4.77428
-170.68481 -103.57029 4.83997
-319.63278 148.2127 4.71238
-323.64882 142.74684 4.78249
-314.84346 149.13819 4.67184
-324.56928 157.92089 4.61056
-314.02491 156.52831 4.77362
-316.3989 139.72004 4.60889
-312.76085 148.1862 4.81191
-319.59655 142.20848 4.58671
-307.20151 143.74742 4.61678
-309.74563 151.98902 4.67112
-324.45989 149.38026 4.80104
-270.61148 -149.33425 2.35619
-272.00562 -158.76988 2.2384
-275.66366 -149.63932 2.27497
-273.07713 -150.96864 2.39043
-286.73313 -128.26165 2.37743
-266.02199 -152.34908 2.42742
-268.73303 -149.85727 2.35396
-283.37553 -149.96059 2.31868
-268.70107 -138.53043 2.28434
-274.38942 -140.95136 2.37824
-262.37143 -151.6432 2.47002
-163.80483 171.08602 2.35619
-150.47627 164.90428 2.35229
-154.02947 165.42082 2.33599
-168.39078 184.32803 2.41329
-170.9813 167.18142 2.36498
-159.59971 158.59831 2.36538
-169.54507 180.97265 2.28447
-159.0554 167.5122 2.34326
-156.31159 160.79406 2.44611
-153.87299 178.03904 2.37228
-169.27577 167.95493 2.25237
-151.0997 -154.75529 3.14159
-158.32667 -151.9422 3.20148
-165.6997 -164.08838 3.19992
-148.81357 -149.38443 3.18802
-143.23861 -155.15715 3.19385
-148.90507 -160.50929 3.25081
-144.31172 -144.10654 3.18723
-159.05827 -146.94398 3.18868
-150.13318 -145.29452 2.95564
-142.14154 -152.84491 3.11785
-155.78547 -155.59897 3.10823
