-4.5633 333.67217 3.14159
-4.4458 332.5124 3.19433
-12.70584 331.69184 3.23788
-8.46689 335.24632 3.21054
-9.97787 319.00692 3.19147
-11.44269 331.57945 3.15903
-5.17669 330.69321 3.02928
-8.90368 338.22648 3.07983
3.83686 337.36908 3.08455
-21.72383 341.2932 3.01503
7.11255 330.58758 3.17616
-195.00553 128.5911 4.71238
-202.2176 136.32303 4.69527
-192.90471 144.61947 4.80478
-192.36047 134.6074 4.71899
-189.4333 118.87226 4.59171
-193.41807 129.68281 4.77899
-195.75898 127.38061 4.78134
-200.34176 116.93967 4.6672
-200.91289 135.95041 4.77871
-201.67041 128.09444 4.81681
-202.59421 136.13217 4.79253
-196.46119 125.9705 4.71238
-188.10248 127.20849 4.76772
-193.53996 128.99652 4.61356
-202.53275 134.05778 4.57174
-189.70546 121.28574 4.69738
-190.46263 129.48124 4.76024
-186.44503 111.86586 4.69646
-192.70021 117.16357 4.70069
-199.62324 130.39117 4.87204
-186.75328 137.77973 4.78379
-188.57222 114.13405 4.63482
-206.83459 132.24028 4.71238
-211.14889 128.22446 4.74628
-219.42927 140.43371 4.78349
-203.0266 134.65437 4.74778
-207.39916 126.30571 4.72085
-199.54701 144.81213 4.58688
-223.74972 148.03704 4.62297
-207.61401 137.26909 4.63928
-221.34658 128.19771 4.67286
-217.70919 133.57557 4.69001
-210.38511 133.97292 4.68559
206.099 125.75986 1.57079
206.26356 128.81613 1.56895
197.74688 135.06916 1.57629
203.73901 115.35169 1.56127
203.30321 122.13428 1.60408
216.03771 132.75732 1.44157
205.07787 128.69547 1.53157
216.54344 124.07362 1.57256
215.88819 124.69069 1.51309
210.22732 133.00032 1.61328
205.93506 126.53557 1.70968
-23.05337 291.50012 3.14159
-24.5849 287.79998 2.9713
-27.07919 286.03293 3.14977
-24.21994 284.35702 3.17379
-22.38948 297.87512 3.10083
-27.31758 284.9683 3.09151
-25.51952 288.23376 3.24744
-27.66165 287.63803 3.047
-17.47016 302.28005 2.95645
-28.61016 284.02973 3.32676
-23.46759 284.62417 3.07262
-161.2935 114.9156 4.71238
-167.76448 107.46926 4.75636
-165.28043 117.3381 4.59453
-162.14736 107.13019 4.6461
-164.92721 117.66839 4.78374
-169.3722 120.89962 4.76865
-161.54554 106.72812 4.74859
-169.69167 114.30417 4.74839
-157.36513 112.22342 4.62605
-157.88943 107.16554 4.60132
-149.79025 114.63376 4.68532
-145.39009 125.76811 4.71238
-154.77093 130.76085 4.71655
-148.55098 113.1158 4.59667
-139.50052 121.90701 4.83416
-149.15043 117.6116 4.75795
-142.02272 123.9212 4.76083
-144.45059 137.22171 4.70987
-143.09747 133.90718 4.71721
-151.08719 128.52815 4.73006
-137.90229 126.46939 4.73282
-143.14656 119.01129 4.8457
-134.21654 126.0121 4.71238
-134.43593 126.26736 4.66098
-137.84012 123.83516 4.68006
-132.33646 131.65448 4.67227
-130.80384 128.69908 4.87082
-136.0625 132.65362 4.69721
-147.69202 133.02566 4.7586
-132.3625 143.11246 4.71328
-135.10915 126.52647 4.54998
-131.62505 127.6313 4.81847
-142.0116 138.03485 4.77076
