-124.18012 -36.23963 4.71238
-123.02404 -39.78893 4.7363
-132.84104 -22.50192 4.75303
-116.42798 -29.31199 4.80054
-116.88539 -26.85173 4.7839
-139.41906 -30.87506 4.66671
-127.65777 -41.07565 4.81461
-134.41835 -45.0201 4.72442
-124.12974 -45.32285 4.70177
-122.95904 -36.46036 4.79167
-130.15884 -42.53515 4.68723
-125.37015 30.40207 4.71238
-126.65948 33.64903 4.70963
-108.89477 29.21283 4.76766
-114.25851 28.51431 4.85248
-113.54469 31.85908 4.83018
-127.58576 30.41382 4.60951
-129.40013 28.15055 4.57014
-123.4609 31.25849 4.81343
-106.85489 34.00763 4.70021
-132.91599 33.53525 4.70358
-124.22982 21.90621 4.6336
