120.8677 189.98199 4.71238
115.89451 201.33753 4.59848
108.19523 198.75626 4.70263
112.81158 201.62347 4.82695
118.18319 185.85487 4.70111
131.86941 190.84547 4.85589
118.65 192.53438 4.66006
121.30196 185.29116 4.65646
116.15847 194.68715 4.85786
116.40779 186.74701 4.75113
121.449 173.0951 4.5821
138.2849 196.71919 4.71238
129.03635 216.31359 4.6156
127.85529 196.6583 4.71945
141.55748 197.69674 4.7628
135.5148 179.81249 4.74049
142.95212 198.44337 4.77728
135.21573 184.71546 4.73383
142.08709 200.57108 4.68594
147.87662 195.1885 4.79131
139.68749 193.85935 4.71577
125.89242 195.45077 4.77578
120.8676 189.98189 4.71238
111.67252 185.39995 4.72485
124.25998 201.93303 4.79725
120.19362 194.93181 4.67528
129.53816 195.01696 4.69003
122.34152 196.90639 4.7381
127.82346 193.11149 4.75029
115.77401 195.68019 4.65155
132.58284 191.53887 4.65212
122.07416 186.33175 4.72149
125.41544 184.89162 4.82585
109.6354 187.29759 4.71238
94.23957 180.73323 4.74608
106.17281 192.96079 4.79767
98.75647 189.89968 4.65183
112.99391 193.7108 4.76991
108.33552 191.06886 4.8304
120.90946 184.08645 4.80024
102.51218 184.58978 4.7423
110.13459 190.86261 4.76577
103.38262 184.74144 4.70353
112.28605 181.87671 4.71
125.80341 246.8532 4.71238
124.35821 250.69729 4.64676
141.59198 248.9913 4.73161
132.64217 240.24109 4.79314
129.9965 261.68008 4.69151
112.92746 254.15676 4.78957
122.35088 254.46395 4.6623
119.06837 248.28519 4.74509
132.47214 247.6572 4.7487
128.13211 243.58425 4.78611
134.12829 254.3671 4.90615
