-146.29185 173.23961 4.71238
-143.28442 170.62021 4.78824
-128.55966 183.42255 4.75471
-150.84877 175.43847 4.67332
-138.44365 162.96255 4.7201
-162.08107 175.86534 4.69026
-158.71779 170.28333 4.72827
-150.95726 170.08429 4.66484
-152.76922 185.81891 4.65127
-148.60134 181.66341 4.67754
-150.30797 172.85521 4.8399
-7.62521 306.394 3.14159
-4.48529 309.59514 3.0557
-4.40949 293.70367 3.26568
-12.13201 296.0079 3.27859
-5.94003 304.00131 3.05472
-6.82808 308.46586 3.07139
-20.20716 314.46072 3.13238
-0.99543 309.48441 3.1841
-4.87907 307.16069 3.16599
-7.80585 314.65348 3.07187
-3.10779 300.60461 3.17953
-114.17397 306.3944 3.14159
-103.49504 301.69986 3.22852
-113.97402 307.69445 3.20884
-106.49538 311.23186 3.11769
-115.02196 310.89292 3.0144
-113.58247 307.73026 3.01602
-109.56614 310.11047 3.24394
-119.57254 305.89418 3.07242
-119.58262 302.4545 3.03154
-108.75122 306.39711 3.18563
-117.41345 296.7024 3.17092
-9.69277 306.3943 3.14159
-13.12716 311.59016 3.25645
-10.6806 302.08545 3.12732
-13.78693 313.22986 3.12484
-20.25276 310.38928 3.2648
-1.51858 309.6668 3.22763
-6.2762 306.4661 3.03438
-14.55238 305.63739 3.13562
-11.92209 310.45741 3.13079
0.45408 316.6015 3.11535
10.00523 311.22521 3.09205
-277.27188 175.20532 4.71238
-281.67818 184.57632 4.77835
-274.80012 172.9777 4.54771
-281.93261 166.60005 4.7196
-275.67876 172.97264 4.80572
-283.1954 183.21126 4.69042
-282.58844 173.52301 4.63611
-285.44488 165.51595 4.56371
-271.29168 173.05366 4.70196
-280.49783 176.75109 4.66469
-278.69256 167.69291 4.65696
85.29169 288.27609 2.35619
83.72268 282.79574 2.35774
86.45941 289.40406 2.19703
81.07604 285.28489 2.29812
72.6656 286.12662 2.44332
83.0192 289.18309 2.36557
100.93795 286.52587 2.38147
79.05594 303.93007 2.30113
97.70867 290.68996 2.36703
84.81278 284.75957 2.42194
92.88412 277.85741 2.37275
-165.38179 48.39401 0
-171.49893 41.48812 -0.11921
-177.24538 59.44941 -0.149
-158.74633 54.79382 0.00578
-171.55982 56.95669 -0.01995
-169.59902 44.76503 0.02215
-171.79745 57.37317 -0.05034
-161.67823 53.30369 0.13205
-172.48728 54.07299 -0.03977
-174.63819 46.09154 0.08941
-168.65818 62.76874 0.18838
-12.77539 329.86219 3.14159
-22.87774 333.72628 3.26644
-17.01608 333.62995 3.04287
-1.71701 323.99807 3.167
-9.83227 325.52363 3.13286
-12.4319 332.07112 3.20902
-15.7414 337.41216 3.15537
-11.25237 320.5731 3.24035
-17.86401 330.1998 3.10795
-23.05217 326.79166 3.15559
-15.93547 343.23275 3.22832
-153.15501 306.39431 3.14159
-169.46166 303.75279 3.0699
-147.5834 312.20218 3.11883
-149.21625 303.18713 3.16069
-146.58001 302.78395 3.15873
-146.90537 297.16532 3.19543
-146.79344 301.87253 3.21364
-152.56843 302.68896 3.03082
-153.88791 304.5999 2.99604
-160.54986 313.24183 3.09135
-160.98085 316.92612 3.09813
-0.19011 184.5088 1.57079
-9.89028 191.06732 1.49796
9.13664 188.87918 1.58224
-7.89088 190.54225 1.5416
-9.88763 182.45714 1.58566
-2.1708 194.26999 1.599
12.49488 191.70765 1.41593
-5.02567 183.84418 1.59998
12.71911 180.36955 1.59358
-6.87377 183.23031 1.53059
3.6711 203.41043 1.52052
-280.68011 189.77202 4.71238
-278.24206 182.66521 4.63019
-273.11326 204.14016 4.69949
-279.52399 186.44789 4.77421
-290.35594 197.21708 4.64719
-291.11248 177.92817 4.75093
-284.97958 188.59306 4.77103
-278.83075 190.49622 4.83366
-275.75716 188.87773 4.65854
-277.27027 185.98629 4.64428
-280.18956 191.71694 4.61611
