-261.37149 -133.011 4.71238
-249.9905 -122.71607 4.79072
-263.3693 -136.521 4.70661
-258.86306 -136.38343 4.73922
-258.03987 -133.54198 4.82903
-262.90197 -142.30158 4.77096
-263.00358 -131.56831 4.59373
-245.44071 -126.08426 4.83357
-268.09988 -132.05643 4.7844
-266.72734 -137.1967 4.80211
-250.85838 -127.12811 4.6001
12.1372 134.2649 1.57079
25.71568 135.44574 1.5519
27.79246 141.36705 1.62267
9.85828 136.62352 1.49161
13.15956 129.46849 1.51366
16.88903 141.20171 1.59024
19.78615 139.5053 1.5637
7.22687 137.60789 1.44844
-8.64199 149.87359 1.47357
17.31897 118.9771 1.56637
26.5993 133.57312 1.72006
271.9546 -140.83569 1.57079
270.76974 -138.31279 1.50313
265.5619 -127.57393 1.70324
264.66787 -131.3225 1.5415
271.20099 -148.61242 1.54495
271.07222 -137.16922 1.71607
265.3401 -139.26161 1.56613
269.93423 -145.44082 1.59124
264.35955 -136.20581 1.65255
270.83973 -139.97657 1.57431
272.12285 -140.70471 1.61724
