-72.18265 257.9997 3.14159
-72.30426 262.4775 3.11809
-72.70231 257.28934 3.14202
-68.397 255.10832 3.10919
-80.52326 258.93684 3.08308
-64.59703 262.0002 3.0777
-69.88252 262.22722 3.14174
-72.99563 245.15889 3.04924
-65.26683 253.90894 3.19744
-77.14927 267.64221 3.09205
-66.24141 251.41417 3.12955
71.88867 257.99969 3.14159
87.10676 271.73065 3.14477
68.7449 240.45101 3.16755
66.80843 261.13182 3.13658
69.02796 253.68932 3.2012
65.33389 254.95669 3.18465
75.24226 260.67179 3.32733
81.94748 253.89695 3.12733
65.35527 260.22147 3.17711
67.9981 258.14956 3.09719
68.00994 257.2396 3.11182
