-265.0759 -0.00441 4.71238
-273.27163 -4.50022 4.73169
-260.5641 2.60409 4.67847
-254.57246 1.83877 4.64979
-259.00602 1.58381 4.73498
-257.88305 11.49362 4.57683
-270.65076 -9.30277 4.54065
-265.77309 6.42607 4.64973
-268.56389 -0.88965 4.6675
-254.17193 -13.91009 4.81697
-258.84959 -9.69618 4.57866
2.75299 140.87372 4.71238
-1.02789 141.45592 4.74733
11.83522 143.72616 4.64033
3.34874 132.54697 4.7368
5.10345 139.9506 4.73142
6.24157 137.5944 4.83872
-5.48603 133.69101 4.91995
8.02685 136.53504 4.84567
9.79314 144.3034 4.72725
0.4683 134.78352 4.77174
3.25805 147.94256 4.68474
-259.1787 -178.4034 4.71238
-249.79741 -184.57361 4.6679
-258.25341 -193.04978 4.66647
-249.02313 -184.82969 4.72764
-259.47617 -176.41384 4.7719
-256.56929 -184.36969 4.81864
-263.58676 -178.63554 4.56454
-251.1524 -179.16413 4.79458
-256.23216 -185.07231 4.68868
-252.25088 -176.37516 4.84738
-260.24266 -189.29502 4.63787
