-125.11734 -11.5372 0
-117.54828 -21.99897 0.07845
-123.17583 -7.3285 0.04276
-137.63542 -8.84213 0.03501
-130.44023 -23.56582 -0.08385
-117.82191 -19.40302 0.07203
-124.01783 -5.0951 0.0205
-136.66085 -14.47747 0.00228
-134.7823 -23.40623 0.06327
-121.94267 -13.41605 -0.19326
-119.45949 -5.01869 -0.02773
3.16732 130.52096 1.57079
1.37462 142.7936 1.61991
9.2014 145.12816 1.51678
-4.00576 123.70714 1.62922
2.14725 128.75391 1.51642
-7.30673 126.37307 1.59341
5.70518 132.52165 1.60195
11.67259 126.19341 1.44524
-5.88773 128.26094 1.64644
1.89269 134.40015 1.57741
-0.39901 125.51552 1.60433
131.0989 0.39427 0
135.55966 11.34702 0.11405
122.62628 -0.16713 -0.07752
132.05743 1.29838 0.05255
121.8676 -5.68076 -0.0567
132.28089 -8.14249 -0.03254
129.85833 6.07239 0.02606
137.76922 4.63767 0.06852
136.47518 -11.70788 -0.07519
141.75926 9.92424 -0.08026
147.26301 -3.25708 -0.07941
-2.05549 139.06091 4.71238
11.83126 129.61117 4.69496
-7.07011 138.14298 4.59485
-1.2739 130.89358 4.78602
-6.12291 137.42012 4.79416
-7.46969 139.86194 4.71106
-1.57226 134.49442 4.68157
2.87309 135.19083 4.79937
6.53297 132.84393 4.71088
-9.25441 152.4444 4.59071
-9.62651 144.01814 4.77595
-128.50099 -0.96487 0
-132.72567 4.74992 -0.08126
-124.33668 -0.59563 0.08682
-135.72522 -2.13276 -0.0791
-134.2316 -6.29421 0.13713
-130.36925 -2.58219 0.02437
-131.16912 -13.4853 -0.0772
-133.96145 -2.71306 0.04363
-138.84372 3.38703 0.09484
-127.55528 -0.2357 0.10867
-125.20188 13.5243 0.04359
-261.65539 137.70176 4.71238
-259.51868 132.9277 4.66805
-272.73238 133.41028 4.66782
-257.45209 133.61855 4.80489
-257.57983 143.43302 4.65977
-261.0398 135.96862 4.79031
-260.25688 144.19167 4.86834
-267.41584 151.15884 4.72533
-266.30194 142.76878 4.66819
-281.13361 136.91665 4.53136
-271.76536 118.98917 4.8471
10.82493 137.22669 1.57079
9.75634 151.08051 1.58526
5.93539 133.2434 1.49428
18.88021 145.70313 1.60789
18.7062 140.07043 1.58016
14.3384 128.96118 1.51699
22.00557 146.51527 1.69935
5.57441 129.84272 1.58092
18.59882 118.94159 1.59427
4.3197 132.28449 1.57763
-2.47201 140.43966 1.60293
-241.3958 128.6902 4.71238
-233.53769 137.62854 4.70776
-235.90945 121.21111 4.63568
-233.29537 129.63005 4.72573
-233.02181 122.98417 4.66659
-247.04701 125.35682 4.69852
-238.53303 111.89692 4.72672
-239.06348 126.95016 4.66834
-245.6869 138.37341 4.78954
-254.16654 134.45237 4.6856
-242.6146 129.27474 4.66857
-13.02639 133.8174 4.71238
-10.25085 130.32634 4.69312
-13.03611 137.37221 4.58658
-4.91985 144.38602 4.68137
-14.77731 138.82481 4.76613
-9.24209 134.79818 4.5784
-9.41361 135.70764 4.78878
-28.09627 126.71782 4.6232
-12.73031 127.47753 4.74654
-10.31346 131.18384 4.73015
-16.9929 133.55636 4.63537
-0.26898 136.70769 1.57079
1.84554 138.86008 1.67945
-2.23405 136.23338 1.61202
2.94369 140.15342 1.59656
-8.64217 133.94182 1.4806
-7.95351 129.14843 1.438
0.07482 139.48025 1.53543
7.88818 132.13735 1.67509
-0.19976 144.29807 1.50278
9.28372 145.93559 1.72579
-2.92113 135.22497 1.57177
-130.47559 -1.2613 0
-133.89012 2.07255 -0.04976
-127.65446 4.20132 0.09841
-142.66005 2.34991 -0.0958
-136.18491 -0.73234 -0.13434
-135.47268 -9.14559 -0.00034
-135.55586 8.82586 -0.21616
-128.07823 10.74358 0.08308
-147.99251 3.08511 0.09678
-131.67661 -2.14222 0.07259
-131.7646 3.46951 -0.00426
130.6923 -294.46479 0
129.21748 -286.87007 -0.09013
136.58689 -289.82109 -0.03322
119.51404 -288.26993 -0.0815
136.36227 -293.03595 -0.05863
124.02064 -288.01032 0.1117
143.93737 -297.87552 0.05601
122.26348 -301.94315 0.02219
134.1104 -295.61283 0.13117
133.78053 -295.04733 0.0011
120.73791 -294.64131 -0.10034
127.6357 3.68309 0
131.75385 13.08096 -0.15203
132.53709 12.82551 -0.02906
140.13587 7.35633 0.12818
124.33361 12.63959 0.04404
142.6148 -7.68279 0.00514
129.53932 1.56522 -0.03561
120.18108 11.26015 -0.03124
142.06793 0.73388 0.00066
130.56563 1.13568 -0.14301
139.84045 16.87653 0.11335
-128.91999 2.11599 0
-124.53482 6.177 0.05373
-115.32084 -2.09828 0.1492
-123.3772 7.844 0.07477
-140.62155 2.54042 0.01813
-125.77074 10.13776 0.02491
-127.23242 3.92932 0.03679
-136.87079 -3.90878 -0.06513
-146.0251 18.50283 0.20137
-118.62366 1.21752 -0.20569
-139.07512 -1.65988 -0.06629
134.089 173.0089 1.57079
141.12903 161.75164 1.53477
128.85835 173.0597 1.55546
128.2071 174.05454 1.49462
139.79739 162.79649 1.54063
147.4714 163.61323 1.66615
136.12188 172.21484 1.6194
137.33658 168.39682 1.58587
135.55296 180.16105 1.63898
140.29149 180.22462 1.57203
128.5298 166.74145 1.50474
-9.57999 127.09685 4.71238
-17.51299 130.78155 4.83057
-4.90896 122.23646 4.63913
-9.40493 118.64155 4.76866
-11.12044 126.68315 4.73548
-8.50362 133.12073 4.67529
-7.79492 116.27337 4.77358
1.36413 115.56525 4.67229
-6.74982 125.44585 4.75035
-11.32152 131.68194 4.62279
-6.75552 132.89338 4.8004
-229.43993 127.09684 4.71238
-239.49356 120.50924 4.70467
-244.30202 127.33618 4.68655
-233.3769 134.67862 4.76361
-232.96296 125.62352 4.86847
-212.53577 127.93513 4.82947
-241.3807 133.46456 4.67794
-231.75371 127.6411 4.72
-231.71186 127.22846 4.59614
-238.70729 128.28711 4.62623
-220.86574 124.16494 4.66524
-68.35729 -121.06138 0.90486
-64.9427 -125.59458 0.69793
-72.53195 -111.75553 0.92539
-72.68018 -120.72491 0.87677
-71.02889 -118.47381 0.83405
-67.57292 -126.61302 0.95954
-73.19123 -115.80137 0.87874
-81.19448 -122.5888 0.97567
-76.8407 -117.17884 0.69416
-54.71897 -116.13633 0.95026
-66.45938 -120.06757 0.94107
273.1916 7.2214 1.57079
282.35587 13.85844 1.47729
266.34403 14.27563 1.66732
280.56433 5.50547 1.66893
275.16304 3.73839 1.65734
270.39441 6.87692 1.55678
278.56562 11.76236 1.66441
271.13641 7.51577 1.60466
278.08508 6.47967 1.48679
281.07497 12.46932 1.49006
268.81685 20.81782 1.52727
124.2094 -2.4625 3.14159
120.08015 -3.92404 3.1424
120.4827 -7.59921 3.31514
130.71232 8.08835 3.24342
124.87883 -7.24908 3.14458
123.65595 9.24877 3.10168
124.13269 -7.57833 3.11917
137.15571 -7.81896 3.17044
138.03134 -0.04011 3.03113
118.27351 8.06898 3.27682
120.13345 16.49243 3.12013
-140.43529 -1.4864 3.14159
-146.64504 5.44513 3.21497
-141.07569 -7.15448 3.08631
-142.3249 -2.48764 3.06896
-131.78803 -3.9823 3.10303
-128.65766 5.85011 3.12467
-151.92069 -7.18209 3.07854
-142.88876 -5.51346 3.24475
-148.51956 -1.64703 3.18533
-133.20604 -4.45837 3.26835
-152.43866 -3.93358 3.12634
-135.41039 286.31279 3.14159
-141.24158 285.38653 3.09759
-128.1674 291.33524 3.14596
-127.0966 291.26133 3.11933
-138.07903 282.7223 3.2136
-158.52701 281.58116 3.03057
-141.66483 270.69193 3.19261
-138.55739 287.30506 3.04162
-128.49052 302.19238 3.25058
-128.20508 297.18853 3.13051
-151.48039 285.04773 3.19512
-228.26889 140.87099 4.71238
-228.65012 143.34598 4.82277
-229.12644 137.55844 4.67385
-225.6734 139.2702 4.69475
-235.49956 137.32114 4.63582
-226.03505 142.57547 4.73483
-233.7181 143.28503 4.70703
-234.69031 139.72056 4.75326
-226.09452 153.48361 4.67058
-223.81861 141.19725 4.77919
-216.22517 133.95925 4.63152
-258.58238 -16.81676 4.71238
-255.72348 -20.20381 4.72686
-255.60264 -21.67859 4.78845
-257.23807 -21.71527 4.74
-255.97762 -13.96384 4.49628
-254.13573 -12.82984 4.75599
-269.29719 -22.7468 4.71869
-263.90541 -26.42574 4.72597
-269.77061 -12.7157 4.78818
-259.28747 -15.63137 4.70012
-261.70911 -13.77929 4.65472
-131.03815 -149.81676 0
-134.94368 -145.94028 0.00585
-130.37894 -138.04435 -0.06601
-132.59571 -154.47867 0.12763
-124.86793 -154.93373 0.01744
-142.12072 -153.55502 0.06258
-139.88434 -150.78854 0.06576
-129.46826 -149.01413 -0.11196
-118.4565 -156.27335 -0.04913
-135.75108 -156.31602 0.18055
-137.37352 -137.98223 0.06692
-1.39678 122.75873 4.71238
5.68836 123.15606 4.73144
-2.43308 123.8608 4.71891
-10.42539 124.85881 4.76706
-2.09684 131.16375 4.70691
-7.02749 114.12424 4.7311
3.13365 128.12912 4.63878
5.69817 127.81877 4.76151
11.06417 109.57628 4.59811
-7.09059 126.56128 4.78828
-9.52016 120.15883 4.72934
126.14744 -10.24126 0
122.84624 -7.27685 -0.09998
107.55634 -8.88892 -0.12051
123.48028 -12.3005 -0.0961
115.3149 -0.14139 0.06892
119.77317 -2.53766 0.04643
138.99189 -14.02377 -0.02798
124.7784 -4.61169 0.04855
118.11573 -6.54138 -0.11796
124.4161 -18.25485 0.12514
121.69383 -4.86642 0.02463
159.09475 -161.13889 1.57079
155.30569 -158.06587 1.51215
156.11289 -169.44806 1.52729
161.09992 -153.15028 1.48725
159.02839 -160.93664 1.58437
159.6062 -166.47568 1.52847
157.54802 -157.81078 1.58652
161.03699 -159.57236 1.58501
155.53665 -162.14827 1.62448
161.75823 -164.67575 1.5963
154.60897 -166.08198 1.69908
8.04705 140.95613 1.57079
4.43977 152.38445 1.68406
0.27301 140.83517 1.51546
10.54064 137.42296 1.66063
16.82369 139.46752 1.4375
-2.42739 150.18518 1.64851
-0.5304 152.83374 1.73113
-3.15577 132.92277 1.48222
14.90089 139.16178 1.63756
2.95112 150.38387 1.43305
6.88158 144.60769 1.59713
-131.9773 280.5327 3.14159
-125.8198 280.22503 3.19923
-117.12592 277.87093 3.09048
-140.39123 281.99478 2.98562
-136.66618 284.62719 3.15425
-128.31073 276.75291 3.13804
-135.31725 274.71456 3.08321
-134.34196 285.80278 3.03517
-141.04732 271.47526 3.16467
-127.52453 296.62008 3.34524
-123.09491 289.31009 3.24883
-137.24049 0.0427 0
-141.10802 2.47324 0.03341
-128.58232 7.3836 0.02052
-134.06664 -9.20294 0.0316
-139.93298 1.00358 -0.06361
-130.5833 -3.87701 -0.12398
-128.96007 4.27602 0.10804
-139.42208 4.37834 0.07748
-147.14832 -9.31868 -0.0704
-146.402 -7.15051 -0.04702
-148.68922 4.44261 -0.07358
127.84009 5.43209 3.14159
127.23988 4.40307 3.07691
127.55207 3.28644 3.13604
127.53393 -3.04302 3.18696
136.86239 6.12133 3.1085
113.5284 7.66302 3.07798
118.16368 6.60157 3.25033
126.87626 16.35435 3.14661
120.33661 7.94945 3.03432
117.9103 -4.21011 3.11282
142.46861 13.75163 3.10897
122.5769 -275.05789 0
132.58762 -275.68301 -0.05076
126.83728 -276.59747 0.09203
104.83269 -280.5449 -0.0041
134.54401 -272.80872 -0.10432
125.9205 -294.31261 0.08756
132.70445 -273.18718 0.04334
135.37277 -258.67015 -0.06267
125.89461 -286.48013 -0.01559
109.54021 -275.8446 -0.02616
122.55374 -290.03836 -0.0852
122.50689 -164.61284 1.57079
123.31358 -158.99768 1.53756
126.65357 -156.37444 1.62408
120.00623 -168.61574 1.77136
123.62712 -154.82721 1.41308
132.07922 -162.71288 1.55638
121.01004 -167.99473 1.45286
108.23685 -167.71779 1.56117
111.37354 -157.62221 1.59652
133.91466 -159.91288 1.59289
122.92948 -180.80147 1.4488
