134.211 204.93068 3.14159
133.11052 203.25615 3.17769
142.3083 213.15449 3.07884
138.2725 208.85599 3.18435
147.80945 212.46779 3.04274
128.88904 207.69207 3.11681
127.7885 199.02179 3.12652
133.13175 201.32577 3.10632
137.65621 219.96632 3.33377
139.2031 195.02092 3.01911
143.60805 213.71134 3.15222
172.05643 166.08359 3.14159
172.93623 175.04509 3.04108
160.14781 155.657 3.15636
179.87326 179.7636 3.10723
166.0517 176.05995 3.13716
165.87566 164.46834 3.07953
170.30977 156.51348 3.24665
173.43195 157.37344 3.21143
161.17323 157.13126 3.09556
165.64366 162.32179 3.03027
179.76315 161.97998 3.14172
-13.56379 188.0296 0.78539
-10.49605 182.87948 0.82257
-14.89978 192.48563 0.74459
-22.14988 188.04369 0.68726
-17.07247 189.25962 0.71606
-21.89512 183.97396 0.84068
-18.47308 196.59066 0.80843
-29.40776 178.56996 0.81287
-20.95851 183.89328 0.93081
-13.31411 201.25731 0.75059
-1.16027 196.82747 0.72565
