-256.72636 92.04046 4.71238
-261.3514 86.88309 4.55942
-258.30523 94.39803 4.76007
-257.80148 89.23331 4.75457
-249.49639 90.07194 4.7516
-258.52424 87.15504 4.54515
-254.4535 80.86933 4.64858
-264.87619 86.38513 4.81342
-249.37847 87.469 4.73774
-257.08452 97.73305 4.66485
-250.69083 98.12738 4.70115
-257.91638 158.68216 4.71238
-254.66033 181.77 4.76671
-255.85893 161.03283 4.60669
-259.18121 162.95706 4.60169
-259.45995 145.34503 4.7493
-260.1781 158.34194 4.72724
-259.57471 159.60921 4.74327
-263.40227 162.71517 4.7589
-249.0103 166.09773 4.62386
-262.05739 158.39095 4.56785
-263.26902 159.05938 4.73332
-247.537 109.79279 4.71238
-260.68167 112.76437 4.70566
-246.31564 98.38925 4.95945
-247.64874 116.8292 4.74463
-254.15971 115.06918 4.68894
-241.44226 114.67374 4.68359
-247.32307 108.90865 4.83692
-246.51952 109.34266 4.67471
-246.14361 103.99569 4.80837
-250.75349 117.555 4.69719
-238.72054 103.04886 4.70213
-246.1848 187.6014 4.71238
-255.60172 183.97236 4.63854
-247.41549 197.06651 4.68572
-255.63576 182.22041 4.69503
-251.26694 194.67164 4.66311
-241.1396 194.34902 4.6137
-240.57986 189.4408 4.76704
-254.46031 184.16235 4.64941
-243.13658 197.1859 4.7293
-246.97839 178.75895 4.77076
-244.12153 181.12627 4.7407
