1.76159 150.6203 4.71238
-4.59433 147.06705 4.73296
2.88824 148.03512 4.57183
2.07727 159.23952 4.75882
0.88983 146.73783 4.58448
-2.36635 141.56425 4.56905
-7.12102 141.40244 4.67138
8.45069 142.79746 4.7614
5.05621 148.19067 4.72718
14.38186 140.39815 4.55629
2.06342 151.17498 4.74748
-11.95366 134.916 0
-13.27889 136.82401 -0.08507
-6.02201 148.86961 -0.05386
-13.32894 136.1098 -0.02007
-12.02307 141.03456 -0.0912
-10.55525 129.23765 -0.03252
-21.4125 137.43012 -0.07053
-4.02568 140.39279 -0.11371
-1.60821 133.47175 0.08314
-5.9525 146.50661 -0.05449
-18.64429 126.82487 0.05922
10.214 126.43083 0
6.25201 114.76134 0.05686
-1.87449 118.00508 0.01212
13.80368 132.88724 -0.06225
4.74014 130.2871 0.10097
15.20667 115.99104 0.07488
0.80543 115.78469 -0.11607
11.55616 133.60157 -0.09224
6.66239 128.62574 -0.0531
13.71845 129.58948 -0.04833
6.84474 110.67408 0.06694
-4.47689 128.0834 3.14159
-9.59538 135.06334 3.10914
-5.25383 126.31023 3.07737
-19.11517 116.21875 3.17671
-5.65044 122.80965 3.20705
-7.13492 140.23436 3.26273
-7.08932 131.03939 3.05384
2.74372 126.96871 3.17606
-7.60939 118.27287 3.14431
-22.22873 122.59829 3.0888
-1.40596 127.7621 3.08576
6.5962 129.91659 0
6.15065 118.93845 0.05936
2.12264 132.10469 -0.06708
11.7283 141.17901 -0.05088
14.38654 132.50398 0.0226
10.84885 145.0225 -0.13059
11.72934 133.89195 0.06292
3.97821 139.45718 0.00083
3.3177 127.3912 -0.06889
-3.91265 130.19201 -0.03697
3.71766 116.10525 -0.01894
1.2251 122.26079 0
-2.06918 115.15574 0.01696
8.2709 119.67312 -0.06428
-7.95638 115.80191 -0.07283
-0.5861 124.43804 0.05489
-11.23712 121.87203 -0.06966
-6.51434 126.86989 0.05043
7.24825 117.80169 -0.04371
-12.73484 131.36003 -0.04729
13.95272 127.3528 -0.04911
1.15028 113.08197 -0.03536
1.4996 129.66985 3.14159
12.10986 122.07524 3.18342
-1.42244 138.06021 3.10809
17.14755 120.35257 3.20512
9.79556 122.14761 3.09774
-1.76362 125.18591 3.14154
12.91647 136.34929 3.15943
9.15462 127.83735 3.0648
-8.6685 116.48912 3.07733
4.62559 120.44314 3.14748
5.1943 121.76856 3.17946
-2.23519 128.3303 0
-2.74622 143.42519 -0.11117
-2.73179 134.73338 -0.06857
16.23924 115.20703 -0.03226
-15.6101 134.17747 -0.02363
0.27422 136.31712 -0.01649
5.48224 126.463 0.08627
0.79166 135.51826 -0.00906
-13.84414 124.95919 -0.13994
-4.64541 128.8323 -0.03644
-4.62526 134.42302 0.04603
5.07409 153.3105 1.57079
-1.52268 161.06209 1.53568
-3.18497 168.47583 1.66337
17.6715 146.43073 1.51244
3.50024 155.72596 1.70463
12.26653 157.7037 1.47451
-3.32548 146.75686 1.58035
3.51007 138.87211 1.48271
-2.06716 169.14784 1.41318
-5.4685 151.77028 1.57774
5.43927 156.82424 1.54322
0.63111 147.33379 0
-19.06954 153.00734 -0.01998
3.06531 155.20711 0.12495
-8.7922 145.38513 0.00273
-11.71428 143.0612 0.04593
-3.32838 135.70461 0.17915
2.13467 153.49969 -0.04976
4.91218 138.03823 -0.03534
0.53049 133.12895 0.04266
11.79536 147.94819 -0.06476
8.53833 145.49772 0.03148
2.1904 127.68009 0
5.72865 127.74028 -0.02723
-0.00488 138.45051 -0.06356
6.70261 133.542 -0.0561
1.90959 137.07693 -0.00014
12.7034 140.28917 0.06824
-2.81453 125.77141 -0.03891
3.71781 124.97467 0.02115
-10.29525 122.77468 -0.01453
10.18667 136.26671 0.05122
7.31056 132.44667 0.16381
-4.47699 128.0834 3.14159
-15.96198 128.99005 3.19111
-2.07873 126.17491 3.19163
-3.142 129.89877 3.10052
5.65478 128.35062 3.11529
-2.39138 130.33694 3.10178
-2.5197 120.0643 3.22406
-3.72909 129.43105 3.24631
1.69666 124.31866 3.1405
6.88936 122.1057 3.16813
-8.14359 118.42754 3.13484
6.5962 129.91659 0
13.24387 128.0302 0.11383
0.02579 133.85119 -0.06021
13.88318 124.33341 -0.18147
7.96105 115.29471 -0.0834
9.57167 137.97603 0.09807
0.69598 134.31203 -0.10177
0.50286 131.2112 0.02986
13.34079 140.08701 -0.01233
-1.5549 132.7925 0.05156
0.64251 127.5934 -0.05591
-3.41285 139.3157 3.14159
-6.09338 130.72113 3.13124
3.13005 135.93326 3.19679
-12.10188 139.43223 3.22661
-3.08624 134.51078 3.18014
7.81593 150.35748 3.04989
10.93056 131.07693 3.19472
-11.23294 145.30342 3.12081
-3.88858 148.67909 3.23066
-2.95896 144.33621 3.19004
0.36737 144.52472 3.1503
8.82519 128.75879 0
11.15666 126.71852 0.04005
17.26693 133.34211 0.0734
4.45966 129.0209 0.07684
12.76312 132.97432 0.04346
8.14814 130.87617 -0.03145
15.81874 133.85679 0.13999
11.32958 136.32895 -0.11959
-4.50494 127.60819 -0.03017
3.9308 130.25535 0.0285
6.84196 134.28982 0.06596
