19.59319 152.03913 2.09439
9.33358 159.58094 2.06513
15.66476 154.85376 2.0253
17.48993 141.24289 2.13111
31.50433 148.81625 2.13836
21.24529 164.4793 2.02429
15.44896 150.72362 2.061
29.17764 165.51643 2.00595
28.89931 143.99676 2.08625
30.03257 162.20403 2.02911
11.26876 148.18287 2.11443
-8.36549 126.47533 1.57079
-5.72181 128.19636 1.64665
-3.68096 120.48843 1.66006
-9.10522 130.11438 1.67179
-7.66093 127.66677 1.52695
-4.56312 131.62462 1.5329
1.27022 139.90729 1.51595
-7.60741 128.18438 1.56007
-6.71232 127.07548 1.58312
-3.95531 128.45409 1.66854
-6.09351 117.73215 1.6738
