-128.04669 57.34729 4.71238
-130.16761 51.48439 4.594
-130.02192 47.00164 4.66417
-128.47164 44.79938 4.65102
-134.67934 56.86654 4.83411
-125.91387 60.34261 4.75933
-122.79517 59.56252 4.67547
-134.32513 46.61152 4.77119
-119.99411 60.62537 4.6327
-120.10905 63.49829 4.64619
-132.78572 65.17077 4.74998
135.4364 53.02263 4.71238
137.58351 69.19232 4.68836
148.05792 59.50941 4.61747
124.19611 53.2776 4.64724
128.87664 60.3229 4.69707
130.19377 67.7762 4.66708
136.85007 50.02593 4.7493
142.25969 50.22412 4.61018
139.14072 59.01895 4.67701
128.63397 53.52905 4.76388
138.95957 57.95589 4.79467
-132.88599 66.6784 4.71238
-140.04171 63.80911 4.66087
-121.77385 68.44896 4.68337
-138.46149 74.42633 4.81378
-130.00287 64.88359 4.55685
-135.42934 66.0203 4.6192
-124.2359 62.90828 4.62908
-135.29364 49.20972 4.66181
-131.4033 75.75868 4.69047
-129.9358 74.81634 4.59883
-131.69614 70.28318 4.61976
-138.05879 48.12526 4.71238
-143.34428 43.94504 4.65024
-124.55983 41.38731 4.681
-134.0664 44.89828 4.70896
-135.98738 51.49337 4.59766
-130.7627 42.71591 4.62736
-131.59162 45.83904 4.59276
-148.23847 49.51984 4.76123
-145.49953 43.61838 4.77014
-133.51437 52.2913 4.68692
-137.86879 35.10572 4.72956
-6.2575 34.43 0
-16.01645 35.44357 0.03018
-16.36105 39.94787 0.06643
-7.93084 24.16089 -0.00846
9.68764 26.39432 0.00813
-0.69685 26.72857 -0.1041
-4.81254 36.68444 0.02715
-8.46866 37.66223 -0.06505
4.96422 32.12419 -0.0752
-14.30318 28.02976 -0.12745
-8.61327 36.6212 0.16869
-149.77394 288.13571 4.71238
-156.23849 277.61878 4.64898
-148.4648 292.04924 4.56777
-152.87419 285.87367 4.65571
-144.96884 291.67896 4.80839
-133.85504 287.92094 4.72735
-146.45485 294.45917 4.70372
-142.57635 286.63818 4.6379
-153.88674 281.93807 4.84431
-146.73567 289.83553 4.70012
-149.32878 286.03705 4.64327
-149.77395 68.27577 4.71238
-149.46843 67.4881 4.75701
-150.21262 67.41068 4.71904
-151.07891 52.39355 4.66212
-141.65565 64.49132 4.78806
-157.03641 73.88523 4.65609
-150.35306 71.93075 4.63718
-142.3999 71.61799 4.60062
-152.2707 72.37591 4.7638
-144.31943 76.13643 4.53341
-139.70056 66.78771 4.82053
-128.26565 78.1256 4.71238
-127.15695 73.11416 4.61668
-122.82781 77.81885 4.72332
-122.42551 76.74672 4.70687
-117.89909 88.14351 4.75899
-114.57432 70.71823 4.75931
-130.24225 86.3266 4.78283
-117.53039 71.31085 4.66802
-122.52965 71.59728 4.82083
-117.78385 81.46864 4.8371
-124.94125 72.75148 4.77539
-3.43652 47.81177 4.71238
-9.07063 39.06812 4.65367
-9.88694 50.35377 4.59479
-4.73141 53.00205 4.76986
0.89219 47.23549 4.75524
-5.31701 36.66855 4.63399
2.70738 42.72264 4.75531
8.97176 43.75134 4.74235
-14.27508 60.37158 4.70059
-3.22939 54.61684 4.74112
-9.09149 57.5913 4.58033
-143.012 304.99737 4.71238
-142.11984 307.68563 4.69192
-150.48722 314.68618 4.75542
-145.91342 302.06919 4.7077
-160.64554 316.96952 4.73951
-145.80454 290.0986 4.68439
-141.86208 296.72197 4.71305
-133.0254 313.30675 4.70614
-149.94574 294.42078 4.74332
-145.01077 307.10989 4.73884
-147.1208 306.44385 4.79196
161.62801 207.48898 4.71238
159.8343 214.72122 4.70658
163.5617 208.86918 4.79822
171.03874 219.44978 4.71083
161.44671 214.00567 4.72991
168.45173 202.95619 4.84676
161.05442 198.49735 4.74009
157.08199 205.14607 4.7138
156.11571 206.52782 4.64237
164.55585 209.10408 4.80633
155.14709 213.88094 4.73387
-140.46702 56.44131 4.71238
-132.001 63.26466 4.62859
-152.1503 56.4744 4.64738
-126.32968 58.74965 4.72288
-150.02125 53.35577 4.7363
-141.10212 43.64029 4.8097
-151.94498 59.98876 4.71866
-131.45904 59.01086 4.62498
-138.59313 46.07387 4.72319
-147.35684 44.51907 4.69317
-141.4628 73.60479 4.60736
164.47706 176.99468 4.71238
173.37971 173.33849 4.66554
169.09903 173.81651 4.81602
157.63967 185.48259 4.63666
169.41302 182.3264 4.63769
168.88157 189.95927 4.86087
176.24145 181.41144 4.66948
154.86201 178.39331 4.66918
171.13869 190.4788 4.80448
150.27909 170.97247 4.57449
148.16135 176.29057 4.75985
