126.53559 334.06645 3.14159
129.85869 337.98772 2.99837
131.42951 340.72294 3.1254
124.96167 332.22119 3.16739
117.57513 325.17902 3.11906
129.71702 331.24383 3.11666
125.83308 341.01533 3.13411
132.88113 339.74803 3.11142
118.23871 332.81206 3.14015
111.56343 325.07385 3.06246
111.56527 328.55588 3.06252
-133.0643 332.7073 3.14159
-127.4561 325.51149 2.88903
-127.74986 342.81326 3.06532
-146.265 339.3086 3.14813
-126.82537 340.53492 3.20406
-130.53775 321.08521 3.06546
-127.77504 336.24054 3.1576
-135.38251 337.98276 3.04977
-138.2581 321.65747 3.07267
-128.25583 332.17292 3.17105
-138.75474 336.66944 3.17104
112.9441 330.2786 3.14159
113.53177 326.48478 3.29964
107.64642 333.94515 3.24818
104.35123 332.20122 3.2352
119.37976 329.69132 3.10394
105.90739 346.04835 3.1618
111.21488 336.85368 3.06556
107.77889 326.19611 3.12842
114.51782 331.43263 3.25011
110.41933 329.42655 3.0723
106.62949 345.56443 3.18527
-291.7691 113.65429 4.71238
-281.1843 118.3358 4.86025
-291.59908 119.85201 4.63144
-297.28638 111.46204 4.78407
-297.97467 122.72157 4.70756
-294.19054 108.7814 4.71006
-289.58582 122.08953 4.73797
-291.03896 115.37738 4.77402
-285.14773 110.61407 4.72988
-280.71133 112.59002 4.67338
-298.19495 107.35632 4.78779
147.4235 -138.16869 0
160.36374 -126.93077 0.01197
138.67644 -138.43309 0.01915
131.92058 -133.73845 0.01923
159.15674 -133.89293 -0.04922
149.93565 -136.85803 0.05235
152.52712 -128.58462 -0.10922
151.37887 -139.08251 -0.00981
140.74793 -135.13572 0.00489
146.33096 -137.26544 -0.15787
158.54845 -138.98359 -0.02924
-125.02959 219.90405 3.14159
-133.6288 215.61068 3.26084
-110.85189 226.13315 3.17401
-128.38797 213.90218 3.1296
-119.86214 220.72527 3.09661
-127.13781 217.87572 3.09494
-139.09429 196.7579 3.18448
-132.13949 217.90912 3.1686
-131.65563 213.43938 3.10447
-124.29477 213.01282 3.36266
-125.01702 228.85924 3.08851
142.7993 360.78218 3.14159
144.28085 366.51016 3.05299
151.12308 346.77994 3.11994
145.96875 362.67564 2.96099
146.82782 356.85001 3.26981
132.33795 359.6596 3.20961
132.47831 357.85777 3.14458
144.34412 357.68189 3.27155
142.67299 363.3307 3.06212
131.50384 363.4333 3.17655
135.81017 365.96006 3.18006
-119.13239 41.50505 3.14159
-121.51256 44.59445 3.18546
-130.66176 37.45071 3.19966
-106.6548 35.76743 3.12273
-120.6281 36.05276 3.23336
-119.46185 41.26499 3.2076
-120.22805 41.08969 3.09222
-110.72753 50.52588 3.0929
-128.12179 40.9049 3.13109
-142.58669 46.16299 3.13008
-125.31728 32.86774 3.09275
-3.5052 -298.8294 0
-5.59147 -301.9642 0.04055
-3.99443 -291.29193 0.03537
5.86859 -311.99195 0.01349
5.84312 -306.11772 -0.01921
-8.5696 -301.44576 -0.00471
-9.44591 -305.7858 -0.01575
6.59228 -281.51501 0.03612
-12.4149 -295.27397 -0.03096
-13.62149 -295.33809 -0.04955
4.14029 -287.38022 0.00561
