-31.55283 383.06622 3.92699
-15.03344 379.31367 3.8659
-31.18687 393.07411 3.87677
-26.86748 390.87136 4.01276
-27.1694 382.15566 4.01816
-24.91761 379.51005 3.96005
-29.18441 393.44986 3.82358
-34.45888 389.27444 4.03933
-39.34426 375.78765 3.91781
-37.91047 393.20177 3.8764
-31.46573 395.18941 3.9225
-214.15662 198.54031 3.92699
-215.52019 182.99273 4.08455
-212.22782 199.15211 3.89854
-210.50825 193.37981 3.89173
-213.49587 195.90716 3.95716
-214.47547 193.41104 3.854
-216.24209 195.89354 3.99569
-223.24652 203.56369 3.89112
-223.63333 198.35413 4.03921
-210.81925 198.39272 3.93204
-224.09884 193.07912 3.90816
39.50344 308.86881 0.52359
36.59247 296.93761 0.50097
25.71597 307.27519 0.44
34.15677 317.56775 0.64814
52.38871 305.66341 0.58729
37.54335 315.29851 0.5652
40.88163 298.96235 0.50148
47.89309 308.56974 0.41694
27.15175 308.82216 0.53822
38.22365 323.87517 0.60521
39.87072 315.73327 0.41431
101.597 17.67989 0
98.22117 30.44013 0.01005
105.14385 9.64155 -0.05684
105.51973 17.75378 -0.03085
99.87339 19.6136 0.13916
107.88444 25.97635 0.0885
104.9765 13.54466 0.02761
102.65121 33.56837 0.04704
113.42504 28.61147 -0.11376
102.77233 20.185 0.03862
106.26912 18.22463 -0.11392
-106.25679 5.821 4.71238
-108.53074 7.3574 4.78878
-111.65426 4.23296 4.5859
-108.8348 -4.09602 4.7621
-110.53436 3.23309 4.68693
-116.16182 6.4187 4.77756
-103.70722 6.41322 4.71723
-113.68671 2.97749 4.84374
-113.66932 18.4258 4.67823
-120.04922 7.17743 4.66536
-106.84069 -16.43533 4.67216
-114.58567 341.01374 4.18879
-123.58249 350.57666 4.18964
-108.38735 332.79822 4.19251
-135.08969 339.45074 4.18792
-108.93797 325.5219 4.17468
-111.04895 345.68474 4.19002
-96.6482 333.45217 4.11493
-116.62973 350.05248 4.17553
-108.81225 341.2359 4.17283
-118.30288 341.93355 4.2391
-111.86617 347.09889 4.17604
-141.5884 193.11153 5.23598
-149.14924 202.12185 5.13039
-146.19024 197.70228 5.20868
-150.96137 192.13135 5.21403
-141.41995 195.74511 5.33148
-155.71098 200.86785 5.22718
-136.42361 194.59872 5.3006
-148.83815 189.74948 5.20301
-141.93829 172.1699 5.21136
-140.37698 211.34909 5.21233
-134.31467 182.84978 5.20546
142.98441 262.00328 4.71238
150.67904 253.86172 4.72653
142.08331 258.4583 4.72489
134.88086 259.25656 4.74909
142.87774 261.67375 4.65778
145.08768 255.93142 4.65317
147.47689 248.14878 4.84441
137.1599 260.31251 4.69727
131.39041 258.8474 4.68005
138.32685 255.55044 4.70512
134.06787 251.34336 4.65758
-155.16348 258.94671 4.71238
-160.71571 269.42141 4.69887
-152.76581 259.42481 4.65265
-163.78669 272.55069 4.70666
-155.03564 268.05385 4.70136
-161.6774 251.97622 4.69128
-157.81842 258.83257 4.74698
-157.7803 258.0914 4.72105
-146.11147 259.64591 4.6257
-154.07144 262.24384 4.71775
-151.0246 259.00002 4.76096
-153.59639 2.39101 4.71238
-152.191 12.94507 4.57276
-141.18378 6.10704 4.71581
-159.74547 9.35966 4.74593
-145.67781 17.07787 4.70621
-147.62568 3.51848 4.78952
-144.45372 2.78717 4.74137
-161.41808 7.93969 4.78516
-163.4534 -13.00626 4.76228
-164.26413 12.32744 4.64775
-154.3576 4.79518 4.63864
-108.9737 4.97379 0
-96.72493 3.40778 -0.04021
-107.70534 9.80726 -0.0233
-111.33112 -0.09321 0.0278
-109.5267 4.83726 0.02391
-121.36125 19.14711 -0.06565
-108.74352 5.2699 -0.05295
-112.83547 -3.6325 0.00185
-116.21536 5.1895 0.00185
-119.8291 5.77504 0.11004
-113.589 -2.02421 -0.00503
110.88624 4.9738 0
117.23466 19.79254 0.08139
115.40098 0.77693 -0.06983
98.1098 3.58923 -0.05568
117.44161 -3.02495 -0.08081
118.69163 -11.76455 0.04735
102.89076 -0.5049 0.04259
121.58838 24.13968 0.02885
100.90044 10.13859 0.01486
102.75166 -7.71965 -0.11155
114.5526 12.14926 -0.02155
73.89866 17.11015 2.09439
81.31986 26.35006 2.10945
85.71729 19.09978 2.06879
69.64557 22.00777 2.1924
66.14287 10.57829 2.12606
68.38336 12.02244 2.06304
71.04493 12.97732 2.07606
71.87975 6.74118 2.07437
57.96974 19.63704 2.22218
68.01279 36.26989 2.09665
67.69029 14.73216 2.0578
-72.30405 40.37398 0.78539
-62.55969 45.74939 0.93872
-74.0123 30.8886 0.66867
-71.32054 42.84396 0.68963
-67.35953 43.57622 0.63283
-73.38147 49.50529 0.82865
-70.25272 37.64675 0.80293
-75.66301 40.71114 0.68466
-80.87415 49.19576 0.8873
-67.11394 46.33901 0.70737
-47.80112 41.56548 0.90189
-85.92345 31.3756 4.71238
-82.81195 32.67167 4.75025
-84.92746 37.43755 4.76135
-85.94929 30.79222 4.80575
-85.11164 36.24481 4.81183
-92.46638 30.54941 4.74235
-77.15634 24.56587 4.64939
-99.50967 24.80383 4.7706
-95.91375 34.54402 4.72459
-80.7996 19.20046 4.79345
-79.61446 33.32369 4.70417
-184.02712 31.37561 4.71238
-172.09259 24.72809 4.69093
-181.51392 23.34463 4.79701
-190.67362 37.50091 4.73523
-190.90439 36.42451 4.60388
-181.38146 26.92365 4.61123
-188.66589 28.79501 4.62905
-178.82704 28.70914 4.81086
-175.95927 31.94435 4.77434
-190.03008 40.32278 4.76029
-170.37073 35.57921 4.71009
61.49663 1.06176 4.71238
69.10466 9.3947 4.66639
60.38715 -7.21483 4.66853
60.21906 -0.04397 4.67717
65.83131 3.41357 4.76224
57.33808 -13.67606 4.6456
57.60393 -2.90741 4.69471
60.86616 -4.66256 4.54933
61.35871 -8.23339 4.64982
62.13486 2.9842 4.6818
63.81914 -1.31686 4.84763
-78.07885 258.24737 4.71238
-90.85638 241.2699 4.61331
-73.92045 252.77118 4.9139
-83.63087 254.20335 4.64632
-83.51338 260.23464 4.61278
-70.61453 253.95208 4.65592
-81.64987 251.70551 4.73807
-71.44496 254.32163 4.76257
-74.74329 243.8379 4.71674
-88.3856 258.21314 4.61305
-65.81229 255.58208 4.65743
-62.00409 3.91777 4.71238
-60.28739 -2.05915 4.59781
-61.17625 6.54894 4.71808
-60.87906 5.2215 4.68444
-57.93651 -5.17242 4.69569
-70.83034 3.00199 4.8256
-68.22315 2.22407 4.63986
-61.89564 21.78217 4.73071
-51.00921 1.04398 4.68374
-65.2798 2.09553 4.5907
-57.8786 -0.79202 4.70572
-201.57958 261.10338 4.71238
-208.46122 260.15254 4.59482
-200.83056 245.66002 4.64317
-205.98566 260.88339 4.62146
-198.85751 267.49572 4.67917
-197.15049 267.09381 4.75938
-199.86598 262.18296 4.66703
-191.49097 258.19673 4.76175
-196.99287 255.55731 4.81218
-202.257 256.35116 4.6205
-200.25363 255.83023 4.65343
-71.06151 4.9121 2.87979
-75.1871 -9.67394 2.84175
-64.60801 8.87463 2.97753
-83.30019 -2.97782 2.86307
-72.19519 -4.82248 3.07633
-66.90996 7.57639 2.92049
-69.88656 5.39563 2.9473
-78.35154 -2.67354 2.86238
-65.11164 5.40434 2.80912
-62.63486 -6.18296 2.98129
-66.68499 9.40659 2.91155
-138.77445 335.80751 2.87979
-125.08866 328.18369 2.80435
-145.33389 330.30124 2.9423
-139.22945 348.33445 2.77414
-127.81105 341.11941 2.89189
-141.5098 337.70998 2.97499
-148.92432 333.66628 2.74257
-141.03777 337.60939 2.91902
-148.75287 330.81981 2.93702
-137.20046 342.67255 2.90731
-131.91438 348.63329 2.82823
74.96267 2.43234 3.40339
79.37613 -1.03949 3.3892
82.87542 6.78852 3.33874
79.06883 -1.11706 3.41426
76.2239 1.05672 3.43055
76.25505 11.57108 3.43086
78.48552 9.14245 3.39285
68.09622 1.85087 3.43616
74.73429 -10.68792 3.29701
68.95587 3.71662 3.40072
74.80216 2.42437 3.35926
-149.12596 255.13987 3.40339
-155.31339 258.54718 3.39637
-154.48449 257.53855 3.47322
-134.71452 257.54781 3.4449
-146.26329 256.0296 3.28739
-144.53617 244.94237 3.47925
-156.82088 268.02627 3.50179
-145.80095 256.15958 3.37623
-132.33604 260.78919 3.40492
-147.89036 253.97753 3.39902
-149.9299 244.60325 3.37281
-67.00186 14.78007 2.87979
-64.90727 12.65555 2.77258
-67.10405 9.87681 2.91492
-71.01685 5.38025 2.92527
-70.32869 16.15662 2.81273
-64.6589 10.38084 2.8644
-69.46706 11.72644 2.82443
-68.3136 10.81026 2.87868
-70.39583 20.12508 2.88674
-67.39279 25.5125 2.89324
-74.07059 14.42339 2.7895
74.36124 28.29354 3.66519
73.52546 23.52085 3.67877
77.29635 26.61295 3.50473
77.49367 37.86301 3.65337
82.43857 25.87433 3.74926
83.30558 31.83211 3.72726
76.05957 28.30034 3.75046
79.95111 30.88146 3.71011
83.14615 23.60876 3.71985
78.0683 20.92855 3.74659
77.31179 35.75817 3.66218
