141.00779 -60.94039 1.57079
132.73683 -70.03112 1.42725
141.09384 -67.39313 1.72349
137.34113 -72.24457 1.59059
144.37108 -65.2193 1.39164
143.90003 -60.0435 1.49769
145.30407 -74.94867 1.57352
145.9805 -50.55135 1.64856
130.23371 -52.57374 1.51251
145.26862 -52.14251 1.58655
146.56894 -71.99466 1.55642
141.00779 39.7849 1.57079
145.70063 37.98251 1.54797
133.95128 39.33366 1.53036
136.63614 45.08823 1.663
129.42426 42.15976 1.60682
133.30252 40.15999 1.63279
138.52714 46.55841 1.52867
136.04154 31.70288 1.6245
144.21141 48.33101 1.59286
146.52576 42.58411 1.52845
142.81436 40.06466 1.56937
-1.5 161.69299 3.14159
-4.03196 157.79233 3.21018
-20.35384 164.64787 3.14808
6.48182 156.49752 3.16702
-3.89327 159.18546 3.26073
-0.08812 156.35263 3.35221
-2.94402 152.636 3.17167
3.0023 169.84061 3.12495
0.09067 171.3885 3.06172
-1.28437 160.20301 3.21557
0.81196 162.24803 3.10098
