13.45349 -141.05019 0
15.20772 -151.74132 -0.05842
14.20852 -144.11061 0.0711
7.50183 -142.61029 0.02057
15.01742 -140.25589 -0.00027
18.07232 -147.22565 -0.01166
12.56923 -153.16625 0.06437
14.21563 -140.4787 -0.02291
24.42096 -149.58354 -0.00599
14.70529 -137.82974 -0.02537
18.73071 -120.14163 -0.0616
120.87149 -17.11349 1.57079
120.64591 -8.34593 1.54272
132.85667 -13.4558 1.60168
117.39364 -31.54728 1.55916
121.97346 -9.95679 1.62923
126.39225 -18.10394 1.55829
123.70494 -19.60578 1.60042
129.56062 -27.24603 1.54543
116.42407 -8.25573 1.59766
123.69181 -16.5812 1.49664
131.61457 -9.04868 1.5464
120.8713 1.22668 1.57079
126.1453 -4.86846 1.47488
113.98787 0.48854 1.58535
134.53791 8.97165 1.51844
119.9727 0.44052 1.53122
120.18842 10.14346 1.55001
114.33832 5.84767 1.68395
140.52481 -1.1934 1.73592
109.62675 -1.17057 1.53054
134.98779 -6.43908 1.57205
120.10214 -2.54175 1.60863
127.86436 -47.16687 1.57079
129.28208 -56.43517 1.54841
142.76685 -59.72418 1.45376
108.52166 -40.71088 1.44533
122.69394 -42.10252 1.52827
129.71897 -41.55175 1.44288
127.81103 -42.81872 1.60182
138.45708 -36.38342 1.62317
128.8921 -58.78605 1.61172
128.794 -44.19391 1.70876
122.58584 -45.5756 1.53998
130.72036 76.33386 1.57079
128.36505 81.40619 1.48792
137.5561 73.05255 1.39683
119.45931 88.84912 1.75197
143.45381 69.12887 1.54176
115.76498 82.35638 1.51368
141.05252 84.06057 1.49352
130.48396 82.48223 1.45927
119.72556 74.68432 1.57935
130.24451 85.17615 1.60172
122.97356 78.21763 1.56346
-86.81717 148.46631 3.40339
-78.63419 160.25052 3.40198
-86.80689 142.0711 3.47655
-81.30233 150.67623 3.38946
-95.42574 154.82458 3.41927
-89.87371 153.60651 3.38355
-95.77007 151.52399 3.38934
-87.96937 144.10718 3.33387
-86.9656 154.9973 3.51766
-85.50052 143.1141 3.3824
-87.47595 150.41078 3.26425
56.13225 145.0614 2.87979
49.73266 148.08146 2.97085
54.20396 137.12533 2.95293
63.52015 158.10858 2.86627
60.90903 150.35949 2.85972
57.89376 152.70961 2.74458
50.47739 143.77039 2.81873
52.32531 147.099 2.83953
51.56695 142.42646 2.96309
65.22834 146.61659 2.783
54.55307 154.36327 2.85503
