-317.39465 2.89065 4.71238
-319.08623 7.07965 4.51784
-327.01846 2.25137 4.65253
-318.88227 -1.10785 4.65131
-313.07414 3.45741 4.6415
-319.27602 2.35202 4.69309
-312.22924 -2.98563 4.66528
-321.99009 2.40933 4.70221
-326.24733 1.93779 4.64187
-314.21127 4.53575 4.79035
-305.40559 13.23869 4.76964
-175.33649 -125.39402 0
-174.0457 -115.44372 0.08745
-186.8635 -139.78554 0.06235
-177.52626 -121.44217 -0.03297
-169.61503 -126.88452 0.02833
-176.83588 -118.00785 -0.05298
-174.42666 -118.89249 0.13188
-171.35422 -133.04716 -0.04383
-178.52669 -137.51377 -0.12482
-173.09087 -137.15826 0.03769
-187.50443 -122.21371 -0.0123
-172.2801 -122.77692 0
-173.66725 -118.51401 -0.05374
-175.26462 -127.05966 -0.04331
-167.88224 -116.90575 -0.06972
-171.63616 -121.98203 -0.06655
-166.54308 -115.36307 -0.05461
-166.63085 -114.51987 0.0428
-176.76253 -132.08278 0.13069
-173.35626 -122.34453 0.13381
-184.44309 -123.39558 0.0193
-176.37829 -123.60199 0.03453
-166.60209 127.04201 3.14159
-172.31369 133.92905 3.03063
-163.37204 128.7025 3.08721
-166.37167 132.36978 3.16508
-173.30901 129.25932 3.09328
-156.86558 127.28978 3.05503
-156.27855 130.52705 3.0298
-169.51204 118.04031 3.05622
-161.92388 125.24946 3.21803
-173.24747 119.21158 3.21051
-167.4182 129.12588 3.20557
-167.76459 127.79901 3.14159
-176.10129 132.98484 3.0399
-178.89193 137.29487 3.26352
-167.84894 119.52499 3.01868
-178.20896 122.80178 3.20336
-176.28107 128.08972 3.12151
-179.08917 125.02999 3.20504
-158.59642 135.35745 3.15812
-165.7394 140.88049 3.25674
-172.69353 130.43391 2.97962
-171.08204 129.10688 3.31452
-169.8839 -130.20098 0
-169.52155 -130.02464 0.02529
-174.04647 -130.34082 0.16312
-164.17356 -121.62025 -0.14158
-172.16532 -128.57254 0.00705
-152.86687 -133.90975 -0.13171
-155.02075 -121.18365 -0.08991
-177.90766 -128.17183 0.22036
-161.71588 -134.64522 -0.04365
-174.83156 -142.57373 0.11297
-163.59984 -127.02363 -0.06346
-156.3651 -121.01509 0
-150.09487 -121.57185 -0.01733
-163.63168 -116.8137 0.13185
-156.82843 -112.08034 0.00673
-150.58637 -113.73387 -0.03217
-156.53835 -122.06271 0.15036
-159.13451 -119.85459 -0.01999
-152.58731 -116.47075 -0.10854
-156.13826 -111.77755 0.00758
-148.89474 -113.44073 0.00914
-155.94595 -128.24665 -0.08017
-157.10069 136.98506 3.14159
-155.15368 145.14002 3.05553
-163.23825 138.90997 3.12404
-147.99697 133.30201 3.1769
-154.4002 136.87358 3.07698
-154.71308 136.18116 3.07115
-161.54692 139.80023 3.19938
-156.91259 137.38332 3.25505
-156.05113 142.78999 3.10313
-156.96205 121.93842 3.03598
-157.51568 132.35188 2.9966
-177.9717 -123.90975 0
-190.32365 -129.79722 0.00554
-173.54238 -128.88383 0.01597
-186.70671 -120.4227 0.04341
-180.06019 -127.11265 0.00665
-175.96963 -127.98506 0.0928
-188.64458 -127.92417 -0.00645
-177.30175 -128.20576 -0.03683
-179.49268 -114.07372 0.0432
-187.15127 -130.99641 0.01128
-176.60179 -118.16247 -0.01785
-315.94069 6.29686 4.71238
-317.60906 19.71313 4.68973
-307.60648 2.30093 4.75288
-307.14635 6.61474 4.65048
-326.04578 5.0406 4.72872
-315.43594 3.35263 4.83107
-318.76772 6.75871 4.69925
-315.90139 2.47898 4.55382
-310.33221 10.13206 4.64352
-307.17341 25.90234 4.68578
-312.93995 7.15226 4.60399
-170.65601 -153.51058 0
-173.98589 -146.09089 -0.02375
-182.70283 -168.06823 0.1096
-161.93575 -156.11366 -0.09133
-152.25238 -154.64534 0.02303
-171.65119 -161.2269 -0.08277
-177.67128 -151.40124 -0.05584
-176.03704 -144.76427 0.04946
-158.66033 -157.5214 -0.09786
-163.20347 -152.17681 -0.13015
-168.1896 -149.32427 -0.07486
-199.2978 124.28491 3.14159
-197.10233 113.85778 3.33758
-199.05115 129.04934 3.05122
-192.10221 136.45009 3.24471
-195.76987 128.14184 3.09826
-205.5669 117.64345 3.14222
-189.61204 120.9639 3.0799
-199.87002 120.31174 3.14926
-205.84303 117.84923 3.1918
-186.92861 130.94255 3.19891
-203.0613 137.94814 3.17411
-301.8356 -17.73771 4.71238
-284.28502 -25.40798 4.70257
-297.89358 -12.61175 4.75445
-302.43068 -27.78798 4.79641
-303.23314 -11.73156 4.76431
-310.99402 -19.22329 4.70287
-300.48487 -13.67589 4.71542
-299.2279 -19.52324 4.73748
-301.14096 -15.22872 4.7237
-307.47199 -28.97915 4.71022
-308.85165 -24.34454 4.64265
-217.8098 -119.31788 0
-215.52714 -114.11629 0.15157
-219.63707 -126.58394 0.06032
-210.79907 -122.47027 0.00762
-229.43189 -120.9769 0.07971
-222.59598 -123.67798 0.034
-222.50976 -116.07261 0.03484
-222.81259 -121.68102 0.10931
-214.34863 -119.06864 -0.01827
-210.19843 -124.54673 -0.01458
-224.62491 -112.55332 0.0094
-261.89752 -116.4873 5.49778
-247.60851 -112.08478 5.3773
-256.62671 -121.82302 -0.74216
-259.9258 -131.40292 5.47881
-260.43143 -113.29882 -0.74252
-259.50634 -110.75601 -0.60217
-272.11012 -113.30188 -0.76096
-265.21597 -122.78578 5.44529
-252.24014 -108.13088 5.42261
-260.88946 -123.08336 5.36257
-265.94242 -120.09783 -0.71292
-145.81702 -127.04209 0
-151.43088 -123.95925 0.00376
-140.34241 -126.63081 -0.00622
-141.67446 -119.99137 -0.10199
-152.03351 -130.32398 0.00382
-145.15737 -125.78787 0.0303
-147.3388 -125.51863 0.03687
-149.78974 -121.56743 -0.11997
-152.36808 -127.59436 -0.12922
-155.39682 -125.10855 -0.05455
-149.60776 -120.52989 -0.15934
-164.0162 115.05081 3.14159
-173.42661 110.96276 3.10003
-178.69129 115.99613 3.1217
-170.14447 113.70448 3.14577
-160.84693 108.70955 3.1824
-166.83613 112.81996 3.12226
-158.18305 108.76691 3.28663
-166.88786 115.14898 3.07092
-164.61431 112.64456 3.07317
-158.85503 115.74228 3.21049
-160.66349 113.52187 3.22062
-196.87404 149.60947 3.14159
-201.48134 139.85636 3.22157
-197.05431 154.57105 3.10225
-190.87946 147.54941 3.12356
-187.54727 150.01602 3.10101
-208.82552 146.85736 3.12737
-182.62322 157.42692 3.12383
-199.18143 148.5075 3.17159
-207.75274 147.49306 3.09069
-196.70424 141.67293 3.04886
-203.23034 150.7771 3.15945
-329.87405 22.06525 4.71238
-328.14962 21.23373 4.7783
-327.21577 10.50468 4.71918
-336.55961 19.02826 4.70203
-324.61769 17.33567 4.61366
-325.38024 16.67495 4.71048
-332.00355 23.6158 4.71608
-323.086 23.06036 4.65649
-340.62813 25.40121 4.58399
-330.29624 32.99264 4.71874
-323.14626 24.96716 4.76197
-269.16602 77.10513 3.92699
-284.06465 71.71155 3.94924
-271.28627 63.48133 3.90234
-270.01182 79.08039 3.945
-261.48949 70.69976 3.8989
-272.72127 80.207 3.90195
-258.0288 80.30854 3.93345
-265.42668 64.28991 3.88205
-271.88185 78.42207 4.00099
-266.61044 86.76126 3.84498
-283.22723 76.70765 3.87576
-273.60659 9.85756 4.71238
-271.43793 7.67966 4.60078
-269.99126 5.14181 4.63661
-281.28377 11.05923 4.7403
-275.62855 16.14641 4.72227
-272.16116 -2.05231 4.65728
-279.24723 4.41495 4.75864
-274.20358 12.10771 4.59546
-280.05399 11.05599 4.69635
-283.0008 4.36261 4.66245
-268.04905 6.50863 4.74533
