125.86339 -95.65756 4.71238
126.15334 -109.62936 4.68011
119.26386 -100.65067 4.69484
137.00457 -94.59336 4.72002
111.12111 -98.14718 4.64189
134.25497 -99.89865 4.77695
107.71536 -100.32638 4.66517
106.02196 -105.33964 4.63636
125.03773 -95.14255 4.64197
141.61991 -93.72681 4.69128
133.03746 -92.34354 4.66867
-121.50152 100.6082 4.71238
-114.6014 114.51742 4.75683
-127.87901 104.88685 4.73174
-120.03553 103.52395 4.83389
-122.28641 107.52071 4.76448
-117.97349 96.69987 4.77569
-129.74856 96.28479 4.85448
-118.97089 93.56703 4.67628
-121.76407 108.20559 4.68925
-125.08042 102.14215 4.65145
-120.04843 89.35992 4.58551
-121.50153 -119.25173 4.71238
-113.70321 -122.2404 4.62119
-121.5969 -125.72209 4.79949
-121.4319 -111.03725 4.73237
-119.67735 -114.53541 4.79602
-127.77718 -101.45027 4.59934
-135.90166 -124.49012 4.64652
-113.05867 -118.72407 4.74501
-123.39675 -123.13767 4.60224
-122.156 -121.54892 4.80659
-128.4628 -122.14393 4.81937
-137.02976 82.11932 2.23673
-133.07453 87.55376 2.27445
-137.16138 76.88339 2.16354
-145.96796 83.64064 2.33108
-144.91785 83.34078 2.19112
-136.33782 82.86896 2.09501
-126.2235 75.79172 2.24144
-127.58735 82.12566 2.24078
-122.18903 86.09337 2.33032
-141.03206 77.73157 2.27146
-126.77951 74.21743 2.28864
