107.0877 -0 0
105.84039 2.08104 0.10741
95.84622 -1.10866 0.00736
103.90671 3.36997 0.05365
97.34101 2.87342 -0.01588
104.69895 -9.01756 -0.13816
118.76228 5.77157 -0.05316
98.83417 -4.21965 -0.06781
108.58587 -3.43354 0.0763
110.20429 2.11873 0.12762
110.45797 4.07938 0.06608
-107.0877 0 0
-111.68742 -0.92596 0.11988
-99.55586 0.60266 -0.12842
-119.98041 1.47765 0.00853
-101.00616 -0.55057 0.16153
-91.76273 -7.0487 0.08678
-110.20777 10.76223 -0.10855
-101.05492 -8.02108 -0.04958
-98.98347 0.57709 0.05566
-107.10886 0.63884 -0.02118
-99.91687 -8.83092 0.05077
136.31327 35.63644 0.52359
133.88655 40.62929 0.54816
138.97354 44.813 0.62518
136.01095 35.44176 0.58851
137.66333 51.16305 0.57547
134.08916 14.75583 0.52354
119.97778 48.11579 0.60131
131.09444 24.2469 0.50667
140.03618 37.51013 0.66326
140.8119 24.64944 0.5465
136.63539 22.54096 0.61779
-135.86898 37.29456 -0.52359
-128.11502 31.23119 -0.46455
-146.20402 41.56775 -0.44228
-140.87622 40.15915 -0.53425
-141.98206 35.0241 -0.53615
-141.7696 28.07482 -0.54247
-132.1522 38.92804 -0.49486
-139.25035 35.00286 -0.49606
-139.07773 33.75321 -0.52889
-128.21032 40.40248 -0.57493
-136.36976 30.29419 -0.41519
106.67601 -1.8647 0
102.62015 -2.00219 0.00847
96.15379 -2.14557 -0.00387
100.7901 -11.43268 0.09631
119.9675 -0.82459 -0.05514
104.54443 -0.87958 0.06947
101.05468 7.07585 -0.1766
113.00751 -4.20628 0.01913
123.856 1.06421 -0.08969
100.85201 -6.38769 0.03816
104.74847 -16.19554 -0.03012
-106.67601 1.8647 0
-98.64579 -4.3291 0.08902
-117.35539 2.85904 -0.00444
-103.71825 -9.79356 -0.133
-115.48747 1.1575 -0.04432
-117.14879 2.28767 -0.07905
-119.27613 11.58676 -0.02692
-103.01104 2.9689 -0.01862
-117.23326 -8.44837 0.03608
-107.28993 9.53901 -0.07782
-109.0127 -2.28187 -0.10178
-0.88571 282.758 3.14159
-9.6686 281.21397 3.30106
2.71268 288.52834 3.10704
-0.50348 274.20519 3.02868
6.28152 273.93196 3.13106
1.8613 284.6974 3.21551
9.14592 283.17481 3.13026
5.47946 280.00107 3.1387
6.97568 271.77933 3.12692
-6.50661 272.20751 3.11586
4.79849 283.93092 3.26607
-0.88567 282.758 3.14159
5.65568 287.1328 3.11748
-4.03527 293.98529 3.13584
2.0143 284.45187 3.11333
-5.9736 286.56386 3.2777
-6.62778 280.57306 3.29582
-12.7814 287.77573 3.11768
-6.21203 283.63456 3.15055
4.532 278.68249 2.97693
-5.52251 280.40537 3.15036
-2.80026 301.20745 2.94657
100.72529 -0 0
92.47125 1.04723 0.1362
101.07793 3.84849 0.09968
100.62075 5.18887 0.0531
100.08931 6.54283 -0.00244
103.26446 -1.86594 -0.17147
100.07026 6.09303 0.02271
82.9529 -5.49313 0.01307
92.26482 6.2571 0.03579
92.31314 1.14023 -0.00288
95.92853 2.09899 -0.00793
-100.72529 0 0
-96.66171 -15.02356 -0.02048
-97.35395 -2.17975 0.08554
-113.68 0.44991 0.12322
-96.37007 0.51239 -0.05714
-99.19623 -3.99163 -0.00988
-95.32659 -6.42608 -0.06561
-99.08139 -0.87317 -0.00963
-102.2021 -13.25585 -0.01636
-94.27155 -5.13021 0.07442
-95.04496 8.84054 -0.12565
-144.07132 0.00001 0
-144.06404 -7.78837 -0.1711
-142.17495 6.71545 0.0355
-143.16521 -4.64572 0.02565
-143.77653 4.37342 0.08337
-143.5634 -11.64539 -0.06746
-162.57935 -11.25098 0.05219
-136.66001 0.23101 -0.00695
-157.16674 8.05643 0.006
-138.37522 15.2509 0.01761
-145.80712 -6.60914 0.03857
144.07132 -0.00001 0
135.81438 4.04474 0.16015
149.25647 -9.02026 -0.07283
144.236 -0.03855 0.05159
143.65349 -9.90264 -0.04427
139.55046 -2.21903 0.0533
147.22476 -7.76288 -0.00412
131.53007 10.58732 -0.07517
135.95817 4.23377 -0.02166
148.07412 -7.44183 -0.05996
156.0549 -10.16016 -0.00683
