177.81076 179.57398 0
181.04238 185.2636 0.11144
184.94511 180.37198 0.02285
185.11525 178.26416 0.08605
164.99333 188.30883 -0.01972
184.25315 170.96311 0.0781
179.47416 191.87032 -0.00604
180.2521 176.13448 -0.02652
168.42194 180.83033 0.0811
173.5767 177.76808 0.02551
175.4762 181.02039 -0.05029
176.62081 178.63038 0
183.42108 173.22886 0.02238
178.63697 170.22901 -0.05284
174.97365 189.25176 -0.04932
176.45324 180.01376 0.03313
176.4024 187.76671 -0.05781
182.02163 176.88899 -0.05977
168.9131 180.39633 0.0417
173.15957 173.00677 0.12525
186.31069 181.25341 -0.12184
166.83131 172.56796 -0.0285
176.62151 178.59548 0
171.62017 189.63462 0.02418
168.65773 174.7477 -0.10209
183.04678 182.95658 0.00489
166.40548 179.46264 0.18222
182.29758 184.83633 0.02487
172.04792 187.17008 -0.06938
166.64954 185.22774 0.05858
183.66236 177.96223 0.00563
169.91439 171.55584 0.11317
176.94465 185.55262 0.08882
-174.77918 185.37905 3.14159
-177.23333 195.07067 3.13961
-170.69096 194.90698 3.08186
-179.81659 188.12341 3.10677
-172.70324 178.07842 3.10214
-162.08234 184.00181 2.98799
-180.52102 182.42824 3.11966
-187.33364 178.18842 3.11443
-174.39822 175.72479 3.26002
-175.43267 183.09682 3.22692
-178.54874 179.65016 3.05632
176.62061 172.30398 0
181.25736 169.06153 0.1255
175.89088 180.44539 0.00931
178.11111 186.47173 -0.059
181.49765 184.04607 0.03959
186.91275 176.13403 0.0754
178.4383 164.21998 -0.05298
167.24245 174.73433 0.10523
183.8516 171.65421 0.06974
184.9422 182.60592 0.00446
178.34924 182.10266 0.00318
-25.6791 378.0949 1.57079
-28.75247 370.84296 1.6152
-29.37641 379.60834 1.57283
-15.30738 380.39535 1.52212
-27.48912 383.72696 1.45806
-21.54458 374.61586 1.63675
-20.08483 380.43451 1.43341
-21.67198 391.40561 1.53961
-34.36085 368.1802 1.61549
-22.16834 370.38471 1.54321
-30.68771 370.57627 1.49339
176.62071 173.43078 0
170.86836 182.76797 0.01058
185.3955 176.5866 0.05781
175.65212 175.58914 0.16289
157.49507 173.93297 -0.04755
182.88514 188.98772 0.00054
181.60637 170.45167 -0.04701
168.70332 163.75482 -0.03351
179.26695 165.88256 0.14394
175.38162 171.27173 0.14417
169.27058 171.79931 -0.13333
176.62155 191.34368 0
191.04036 182.66432 0.02534
184.75032 187.51193 -0.14812
190.5573 198.73961 -0.18854
188.71322 191.98521 -0.10926
178.2084 189.97841 -0.03382
177.05673 194.39855 0.02603
175.47324 195.11223 0.06333
174.03382 197.89902 -0.0353
156.2931 185.14178 0.11571
161.93521 188.05975 0.10705
176.62078 156.78467 0
181.92486 140.87064 0.01722
165.35586 158.02354 -0.08038
173.55674 149.57159 0.04371
183.10834 151.45955 -0.01041
173.09499 165.75441 0.03571
168.08643 170.38862 0.05037
177.05373 158.54703 -0.00785
181.88473 158.14618 -0.00744
171.91958 153.56014 -0.00035
176.55989 144.92242 -0.04859
-135.31847 293.2449 2.35619
-139.61624 294.93228 2.30691
-135.30708 298.82578 2.50335
-131.19239 298.64376 2.24299
-133.0724 295.95716 2.40578
-131.76026 293.32784 2.35338
-134.41473 285.56143 2.279
-135.53129 294.08204 2.4491
-129.04368 293.01781 2.36383
-126.59112 291.83229 2.37733
-142.05825 291.44633 2.30209
9.72177 328.09439 1.57079
-0.9569 327.51302 1.49075
1.01064 329.69042 1.56184
0.22569 320.92439 1.50844
18.4378 316.97639 1.44098
16.03275 328.93158 1.54106
17.41215 321.74002 1.54667
18.53746 315.1943 1.59604
6.92765 328.78919 1.51204
-5.74733 329.44683 1.54468
7.32045 337.11402 1.67524
