107.418 123.93669 1.57079
102.08709 123.16904 1.68789
110.05977 112.4322 1.56569
102.52827 126.62226 1.55036
104.58526 115.78983 1.65451
112.51924 134.78429 1.45042
124.60511 125.85301 1.64432
111.22036 135.96673 1.75393
102.79604 131.40227 1.72168
93.90863 124.3642 1.60263
119.77307 123.45643 1.50635
-123.93669 107.418 4.71238
-132.30472 115.21126 4.65596
-123.64789 104.74086 4.58129
-122.49487 98.15931 4.71325
-123.89497 124.90741 4.73783
-118.32397 113.50119 4.71945
-116.81588 108.07027 4.63933
-116.80896 114.62805 4.75435
-116.62344 112.54777 4.7913
-119.97091 113.76513 4.6835
-120.08219 111.28033 4.71653
178.01035 102.77421 1.04719
183.40191 99.21569 0.97383
184.98469 88.95465 1.08804
183.15112 106.38895 1.12521
177.74997 110.07279 1.10969
180.66795 96.32337 1.03011
168.25612 100.28287 0.86698
174.72602 109.48171 0.97532
174.14237 97.55452 1.0558
182.29436 98.79465 1.10337
168.29941 104.52855 0.9705
-178.0103 102.7743 5.23598
-177.18474 104.29169 5.20601
-177.58304 101.94529 5.25828
-191.54626 98.60016 5.26387
-189.73166 106.98273 5.38839
-172.35455 90.24835 5.28221
-191.11055 107.65612 5.34915
-183.25199 100.96342 5.19889
-182.07704 102.039 5.33207
-183.59897 101.76947 5.17433
-167.10103 108.3485 5.30899
-211.03098 121.83882 5.23598
-206.4848 122.05332 5.24718
-214.60697 118.55693 5.18372
-201.85368 124.5584 5.17715
-225.58547 132.97622 5.22567
-211.62891 127.66214 5.19811
-207.53401 126.30738 5.24809
-205.22665 129.49948 5.15331
-209.05021 124.8205 5.21567
-210.38815 123.05925 5.29116
-214.40493 124.04187 5.20667
211.03099 121.83878 1.04719
208.63589 129.4798 1.14987
213.02692 131.13757 1.15494
207.71587 116.5113 1.06263
221.66322 115.52974 1.05825
217.25509 136.54107 1.02745
215.94242 124.57577 1.06805
211.99399 117.51219 0.98796
196.35245 119.59952 0.98284
214.37926 123.15856 1.05816
208.92534 118.76876 0.99413
131.61059 76.50096 1.30899
133.89717 56.49185 1.25015
136.42956 54.51814 1.33333
134.14522 72.08664 1.36044
139.10245 75.91829 1.34014
130.83452 74.74558 1.29962
135.0666 68.09626 1.22802
133.54891 74.17499 1.25388
123.39299 79.49582 1.31443
125.92947 83.43044 1.25043
124.47781 79.47255 1.28903
-107.95756 107.32619 4.97418
-108.04007 111.51136 5.07052
-103.14507 111.07638 4.81777
-94.2855 98.72347 5.02151
-102.92001 118.38132 5.06206
-112.93694 111.75283 4.95174
-98.45307 106.61795 4.91202
-105.16711 114.45484 5.03033
-102.47808 94.79565 4.94106
-101.7003 97.50899 4.95283
-115.09457 111.94646 4.89605
178.01035 102.77421 1.04719
183.95542 93.42404 1.09895
180.8838 108.75208 1.02538
182.39181 94.50366 1.03414
178.88759 104.99456 1.16344
181.47956 105.01718 0.98844
183.7551 99.84938 1.05819
167.5427 114.29423 0.98959
180.29334 113.64156 1.07532
178.6179 93.07704 1.00523
178.91829 110.65985 1.03095
-178.0103 102.7743 5.23598
-161.6902 100.88446 5.30234
-188.70683 92.17033 5.26983
-167.17536 107.37452 5.33019
-173.99811 105.62157 5.35011
-180.54184 101.44307 5.2061
-181.09577 101.10716 5.13996
-182.74548 107.27334 5.23957
-174.37456 97.1372 5.25335
-173.86895 107.97955 5.16754
-179.79818 103.94664 5.18289
98.10366 -0 0
91.59726 0.4935 -0.07156
97.28102 -15.30649 -0.02124
114.73609 -2.18717 0.01085
102.28192 -1.36814 0.07104
94.96028 9.03005 -0.0992
103.27192 -13.0878 -0.04515
107.19196 9.57381 0.04975
99.94868 -3.12549 -0.08062
90.117 -5.39677 0.03612
107.61471 0.80078 -0.10697
-98.10366 0 0
-94.61909 -5.01248 0.11231
-106.99642 0.75504 -0.13522
-105.22819 -5.95803 0.02309
-100.69703 -7.27785 -0.07162
-89.44326 -2.43215 0.01729
-90.451 -2.31547 -0.06606
-100.33752 -8.56205 0.0468
-103.74083 7.4998 -0.06957
-86.51723 4.87161 -0.03392
-96.0504 6.90717 0.01611
123.50072 -2.856 0
123.77471 -4.18436 -0.00927
122.34362 4.77619 -0.01417
131.74742 -6.64362 0.02536
115.60203 6.28047 0.02543
126.71642 -16.57716 -0.04546
115.20458 -7.4471 0.08286
121.84182 0.80068 0.00549
109.44824 -0.7776 0.03251
124.85343 -5.32562 -0.0503
129.61177 -9.49943 0.00032
-123.50072 2.856 0
-134.52543 7.00844 -0.0229
-119.51786 -7.31353 -0.15408
-128.84203 2.77825 -0.05278
-139.68298 17.43795 0.08721
-124.23518 -0.27883 0.08585
-126.44609 -10.8774 -0.05561
-123.79271 0.68483 -0.08942
-112.06501 -0.08643 -0.02809
-122.31112 -1.75168 -0.14199
-119.03247 -10.49533 -0.07086
-137.19729 40.28691 -0.52359
-143.10659 39.39561 -0.52101
-143.81257 46.31667 -0.59249
-138.08135 37.92594 -0.58464
-139.45794 39.40271 -0.52408
-138.35364 47.71675 -0.46333
-129.74418 38.40779 -0.50234
-139.0202 43.4344 -0.51556
-147.25232 30.02205 -0.37334
-147.05259 47.48154 -0.38525
-135.73969 44.1761 -0.59421
138.95982 33.70904 0.52359
139.96104 40.0366 0.4764
143.77824 21.80468 0.58703
145.19245 23.7461 0.57909
146.72636 32.53148 0.64016
151.16738 28.86757 0.61002
145.20276 37.44185 0.41106
134.68328 39.77333 0.56321
121.66267 19.77676 0.48622
133.81146 44.594 0.6034
131.98205 31.52908 0.61815
-139.58976 47.35486 5.49778
-149.5952 46.53376 -0.70474
-149.20048 50.17946 5.37869
-141.84488 50.21635 -0.76657
-133.89656 54.07325 5.40557
-146.37132 47.46717 5.46667
-148.15645 63.82976 5.49724
-145.27044 35.99729 5.48789
-143.55779 43.41367 -0.75743
-141.18168 52.89951 5.42915
-143.3033 53.93996 -0.70286
132.18981 65.21993 0.78539
139.87571 63.1182 0.78024
118.55562 58.84962 0.81909
146.97592 58.83843 0.6314
138.7631 64.58523 0.83363
126.49972 65.81325 0.73873
128.05605 57.69318 0.74974
113.95127 61.62381 0.86806
130.81373 79.86786 0.81407
149.18378 67.9539 0.78536
123.21916 63.41011 0.71072
