-42.22478 266.38556 3.66519
-55.43097 260.81723 3.69673
-59.8424 269.60069 3.74288
-37.38103 274.13333 3.71557
-36.19308 269.33989 3.5487
-43.77995 266.16914 3.70862
-50.84005 263.26795 3.67674
-37.58643 261.30821 3.69163
-39.17688 261.01416 3.67332
-29.8512 268.334 3.64504
-51.61209 264.61842 3.66833
-176.25831 256.63621 4.18879
-176.21917 252.91312 4.13534
-177.54666 247.63649 4.14934
-182.28449 247.62401 4.10703
-173.44965 262.08908 4.19095
-187.71778 247.56639 4.19648
-176.2302 250.94441 4.27227
-167.98402 266.96217 4.26797
-173.74393 257.90432 4.15407
-180.66209 250.00312 4.15201
-201.06512 262.69793 4.27946
-99.35164 97.5127 5.23598
-89.96773 101.28871 5.20946
-95.98057 94.17264 5.27209
-85.91829 82.10368 5.15027
-94.20977 89.38466 5.28393
-99.834 106.75387 5.22379
-85.91806 97.20786 5.3172
-88.35869 85.92736 5.19812
-109.97538 100.10368 5.2316
-100.21201 93.34298 5.18004
-88.43046 100.44265 5.20246
54.15551 262.49999 3.14159
61.92711 267.93624 3.16119
49.34633 271.68153 3.13538
59.29517 267.12316 3.18302
59.96187 255.6728 3.25648
54.44361 258.74337 3.02486
61.67413 255.78561 3.07625
63.27489 258.83168 3.28848
43.11904 257.32173 3.18881
53.47392 270.03419 3.15452
44.47141 280.07119 3.12073
-52.93218 262.5 3.14159
-54.62734 248.03686 3.08795
-43.4133 266.70095 3.07394
-57.63737 263.49777 3.23229
-55.79417 245.08407 3.06704
-66.40291 257.21802 3.3044
-43.91326 260.93276 3.19294
-49.06406 259.01099 3.19965
-58.19505 265.06945 3.07769
-52.42335 250.72945 3.13049
-50.17666 263.72277 3.14942
119.19619 81.68407 1.57079
137.4374 74.56341 1.73516
124.1893 74.47972 1.66784
130.07502 82.433 1.54104
115.70572 81.4538 1.65204
116.10035 86.37876 1.64319
117.94636 85.81521 1.56565
121.22957 80.99551 1.65489
135.7423 84.37077 1.57297
126.04362 81.22256 1.63715
119.66976 76.29988 1.59151
121.0609 188.36009 1.57079
122.25259 190.00363 1.46591
121.79465 179.81404 1.62763
123.68176 185.16123 1.48102
112.13525 183.58061 1.53894
114.4869 179.37807 1.59681
121.98373 183.65777 1.6054
124.43791 185.25868 1.51436
119.98968 177.31573 1.50232
111.34851 201.7452 1.57814
121.70846 193.5968 1.65462
160.4663 122.37128 1.57079
154.90634 114.90096 1.44703
161.64573 122.17323 1.53063
159.61659 134.49741 1.46575
169.76891 117.31689 1.59721
171.32032 109.91572 1.60519
149.33263 120.77421 1.54647
165.96944 110.76536 1.5338
176.75866 114.16388 1.58225
169.68564 125.8192 1.50627
158.64852 123.98179 1.5308
-96.25231 122.0107 4.71238
-91.81502 124.68837 4.66852
-88.68529 119.56795 4.67857
-96.91053 120.96485 4.73235
-100.71909 113.24445 4.88428
-95.4342 129.89124 4.67482
-89.65208 119.99374 4.79791
-89.67799 125.27808 4.73059
-87.47368 115.90334 4.60105
-101.27734 131.97454 4.77678
-90.78843 118.25741 4.61636
-194.35598 122.01071 4.71238
-204.11157 137.61333 4.7059
-200.12482 123.05148 4.7982
-203.19448 122.93333 4.70128
-195.25552 119.87388 4.6367
-190.20646 124.56007 4.80854
-195.06763 139.11233 4.76814
-210.74558 127.76771 4.78201
-191.47371 117.87216 4.70919
-210.56236 116.88532 4.69564
-199.59223 117.10625 4.7214
