-204.89312 14.09671 0
-206.49102 29.04855 -0.06639
-195.05405 14.21649 -0.05892
-212.79463 10.93643 -0.0088
-208.91261 12.46026 0.03624
-199.27318 0.36537 -0.06123
-216.29085 11.41932 0.02314
-194.77183 6.94718 0.07304
-209.68394 14.82792 0.05986
-205.44398 21.18957 -0.02819
-212.67752 22.77684 0.03152
-198.67742 -18.13407 1.57079
-195.29084 -15.68054 1.54159
-207.50622 -19.2056 1.6348
-202.55965 -17.0481 1.80586
-199.91783 -18.96347 1.58462
-189.71559 -20.0385 1.50742
-192.14692 -25.12955 1.56061
-196.89139 -29.41505 1.56796
-192.62399 -21.27933 1.64536
-199.59177 -10.28229 1.57967
-197.70802 -17.34972 1.65045
