180.98023 39.53745 0
186.7868 31.39139 0.11216
182.15911 52.44257 -0.16158
188.50929 44.0008 0.00163
184.06033 38.87992 0.08176
172.99977 42.31785 -0.02474
192.19584 29.21482 -0.10153
179.86129 41.46064 -0.04096
178.73196 42.15113 -0.00736
183.6379 41.23094 0.07121
177.18004 33.79814 -0.00437
114.33853 38.34743 0
127.16947 38.02858 0.01382
110.30234 39.41559 -0.01648
121.62722 37.93031 0.00828
113.04904 33.67201 -0.0639
111.78295 43.24037 -0.07398
113.43545 40.98081 0.04959
108.2796 36.7111 0.02733
110.99792 40.71832 -0.02368
105.8513 42.64736 0.02034
121.38473 30.25035 -0.04219
-116.57009 39.39563 0
-109.88511 28.08642 -0.00226
-116.60413 33.85386 -0.03186
-114.50825 44.19981 -0.01701
-127.72387 30.18222 -0.16742
-118.48471 32.63875 0.07575
-118.31137 53.78764 -0.06133
-123.8971 35.846 0.0513
-108.60132 38.08712 0.12482
-105.1843 30.30114 -0.10279
-120.01389 33.15195 0.0601
-194.37869 40.74783 0
-181.51988 43.69271 -0.00238
-194.47141 45.15162 0.01618
-198.32581 53.65966 0.00749
-195.0891 36.78659 0.01526
-190.64714 41.28516 -0.00423
-195.98623 47.55933 0.09712
-196.23229 36.15098 0.08807
-188.88922 37.6983 0.03183
-197.11778 47.7372 -0.18349
-195.07653 51.6985 -0.07307
