144.7406 163.71758 1.57079
140.78455 156.57929 1.48164
142.5956 178.31121 1.6107
153.25695 168.43143 1.63681
146.06237 155.34538 1.5801
148.48693 171.99493 1.46085
144.15427 166.31241 1.5049
141.05405 173.23491 1.36849
147.17734 167.37798 1.60633
149.7667 163.2734 1.59744
145.16468 160.31678 1.55695
-154.35549 173.562 1.57079
-156.49652 175.21713 1.51691
-146.04376 175.51374 1.59104
-151.8188 163.81481 1.63754
-147.00984 161.64021 1.59571
-155.05591 174.05392 1.57494
-142.93313 178.92712 1.61346
-155.42383 176.01723 1.63707
-154.48189 171.6881 1.50562
-165.95319 173.29684 1.59379
-154.14576 162.47037 1.63514
147.9744 168.44099 1.57079
133.90667 175.80012 1.62091
151.87757 164.29577 1.57699
134.23886 167.23795 1.54271
156.53294 172.03887 1.43436
144.11146 166.69299 1.72877
147.44255 167.62786 1.6291
144.53936 161.81629 1.66531
149.67929 172.80789 1.59972
137.65646 169.03247 1.44564
146.09986 159.01485 1.53263
14.2451 164.20909 1.57079
6.48693 170.74162 1.55233
12.45747 156.71001 1.48941
15.35106 154.75172 1.53883
21.29829 155.72922 1.72196
13.78189 161.2244 1.63556
7.75362 169.72379 1.70595
28.66985 169.55075 1.58794
31.95596 158.72541 1.57567
18.24088 155.14371 1.62212
17.57304 159.18423 1.56136
162.78287 188.84549 1.57079
154.15641 192.79469 1.50335
160.27813 196.21415 1.54886
160.88921 186.87561 1.55066
158.35692 186.76873 1.64404
155.03194 182.41413 1.64697
155.90634 192.04951 1.70751
159.22195 186.47648 1.43711
167.24495 189.30847 1.49803
173.10164 199.49557 1.53453
168.16875 204.75274 1.54795
161.55026 178.99654 1.57079
163.95251 190.88439 1.54316
170.65427 188.61444 1.61545
164.44321 173.51325 1.57183
165.05878 168.65512 1.44148
159.63603 181.17485 1.54907
171.40531 172.00585 1.65049
169.73081 183.30332 1.59034
161.17376 173.13306 1.5274
152.62589 179.24813 1.55562
157.44045 174.39295 1.46921
14.00425 163.0277 1.57079
9.93264 158.04404 1.59538
27.48818 159.12103 1.52871
10.4894 171.21654 1.50422
19.96188 159.71176 1.5486
8.7946 164.5589 1.52162
22.40968 168.4442 1.40891
9.19634 166.0971 1.501
6.57722 171.08935 1.47899
6.26294 176.20232 1.40927
13.27541 154.68676 1.52145
-1.65459 161.5757 1.57079
0.24236 172.36051 1.67159
-0.18702 166.19151 1.66417
1.24585 151.55013 1.5823
-1.91253 147.99926 1.52402
-0.8435 162.18599 1.51978
13.64499 155.32872 1.46487
-0.37509 155.13061 1.56119
-7.84759 147.86009 1.56675
1.26757 170.25653 1.65671
-5.27606 171.4366 1.5717
