248.5575 293.17994 2.35619
241.85393 287.93322 2.39017
252.3348 289.12206 2.35035
251.24682 292.07405 2.3556
250.0694 293.55457 2.52447
239.64752 295.22148 2.29802
262.38081 294.66193 2.32875
250.99563 294.79416 2.29801
260.70428 287.09431 2.41973
246.36817 291.95102 2.32433
254.06008 293.8381 2.34503
-11.04239 291.82079 2.35619
-12.92688 298.49288 2.21486
0.9921 294.16816 2.39479
-13.58536 299.83997 2.49117
-18.92958 286.00898 2.41285
-5.84049 293.04724 2.3036
-9.88729 292.48637 2.40649
-16.56876 297.69953 2.37601
-7.7675 280.26245 2.24152
-15.96256 297.7545 2.3931
-2.50626 312.6602 2.35195
-188.64528 -247.7366 -0.52359
-187.48875 -239.68308 -0.6034
-173.85686 -234.60194 -0.47552
-195.48067 -244.89114 -0.64212
-186.86133 -243.75653 -0.5421
-191.44165 -242.38403 -0.37467
-193.13288 -242.37487 -0.47815
-184.15662 -247.82257 -0.55412
-191.28403 -251.76994 -0.51304
-185.33883 -249.44475 -0.52159
-187.48917 -250.14953 -0.43351
-101.597 -17.67989 0
-95.37984 -28.11085 0.01712
-100.57113 -13.0784 0.00373
-110.92616 -23.99436 0.14865
-93.97971 -18.64612 -0.05768
-102.18934 -13.29609 -0.02276
-88.46708 -24.40452 0.0407
-108.2588 -5.80736 -0.07593
-109.91951 -19.94086 0.09265
-105.58534 -7.06698 0.14964
-97.44111 -14.42161 -0.04212
5.82099 106.2568 1.57079
9.045 114.34527 1.65736
1.72586 111.96877 1.64213
9.74691 104.72182 1.63311
15.18867 100.99474 1.62459
-6.05618 91.24587 1.62503
1.73911 111.08104 1.49035
2.37316 107.36515 1.51931
11.49547 111.44038 1.53266
8.96276 111.18421 1.53815
-3.8375 111.80397 1.5285
238.03369 269.741 2.09439
238.05554 271.67041 1.96332
236.39459 264.5694 2.06277
228.45002 263.60351 2.20297
241.34219 282.71337 2.08339
243.36648 263.50931 2.08704
244.01478 276.64958 2.12404
242.7952 275.94935 2.13292
228.91498 277.5627 2.06109
231.03843 279.43121 2.07383
224.4883 262.38583 2.10222
238.03369 26.0634 1.04719
247.15413 19.53706 1.16065
240.74325 46.41955 0.94588
237.64402 26.64589 1.07206
236.07611 22.484 1.01633
247.13995 15.87773 0.99306
247.63661 22.6936 1.05114
239.31147 17.2978 1.03288
239.9947 28.01814 0.99508
240.45333 22.50966 0.98793
247.43174 36.39842 1.05237
262.0033 -142.9844 1.57079
256.07559 -145.15533 1.65088
244.93768 -139.20774 1.56924
247.41763 -140.06834 1.66155
259.65874 -137.13977 1.57859
259.32035 -139.56436 1.47651
251.85795 -159.23619 1.57482
261.82883 -145.66506 1.5087
272.79688 -142.5198 1.55662
259.17267 -128.43396 1.45272
264.6472 -150.47984 1.52977
258.94669 155.16349 1.57079
271.75655 161.05762 1.55209
262.67157 138.98012 1.63331
254.99292 148.61789 1.52783
265.67531 157.54422 1.61854
266.39259 161.31555 1.58645
270.65793 157.29275 1.6703
255.07299 165.40703 1.57302
258.06688 161.13065 1.5086
259.33496 153.10871 1.69263
257.94495 158.86402 1.63234
2.391 153.59639 1.57079
5.85964 158.67306 1.61202
-5.47856 145.61915 1.69196
10.84034 154.68656 1.57587
6.06149 145.68184 1.5379
8.50837 148.34371 1.39797
0.25731 161.24557 1.47872
4.87528 157.70571 1.56591
9.73554 147.16123 1.38827
2.1977 164.95395 1.49692
5.7626 166.33284 1.64268
108.9737 -4.97379 0
107.4569 -8.80549 0.01199
101.80101 -6.61072 0.04149
112.49053 -2.21014 -0.07562
102.49327 -7.29701 -0.06303
109.58345 -0.39197 -0.12388
94.69772 -13.13931 -0.13711
103.2392 -9.77683 -0.09804
118.23993 -7.56225 -0.01484
114.84796 1.5231 0.02712
110.16103 -20.21041 0.02808
-110.88624 -4.9738 0
-118.86595 -14.21561 0.01546
-111.75139 -10.24062 -0.12217
-115.40732 -3.73635 0.08249
-103.81334 2.43434 -0.00219
-110.46434 0.38174 -0.02572
-116.84077 -11.67506 0.09382
-120.95934 -17.47581 0.10184
-115.92086 -7.81286 -0.10032
-115.84308 -5.42007 0.01741
-115.66219 -1.1981 -0.10839
22.13149 72.5532 4.18879
14.08831 74.53598 4.24123
23.18247 65.81635 4.22213
31.15876 70.36015 4.32087
24.7902 64.89255 4.22482
14.69009 70.80405 4.1748
21.97579 73.18622 4.0576
21.56125 79.66281 4.24156
22.04614 68.71055 4.14016
26.53405 67.42978 4.2786
13.22521 73.67964 4.06689
22.57799 -79.67539 -0.78539
28.97688 -82.9335 5.42268
33.86364 -82.35064 5.33005
19.9573 -81.85544 5.426
27.414 -78.48042 5.48205
25.21897 -90.2227 -0.70461
24.26189 -84.8575 -0.6546
13.48098 -81.52459 -0.71003
18.63481 -71.60413 -0.70295
31.14993 -71.92155 -0.7209
28.60021 -78.59815 5.41703
31.3756 85.92346 1.57079
18.44724 81.3438 1.59361
33.25935 82.861 1.71148
24.15903 81.6244 1.47951
32.90727 93.31076 1.53382
30.26658 83.51742 1.59547
43.95736 71.66177 1.61117
38.07765 89.59012 1.51225
35.6002 85.84275 1.58611
38.36839 83.02897 1.62558
24.91067 86.22994 1.62994
31.3756 184.02713 1.57079
37.04994 181.48777 1.61061
24.94974 184.87195 1.54911
35.84971 190.49466 1.60715
33.76966 188.70548 1.55156
26.92121 172.48267 1.4427
28.23707 193.07224 1.53056
34.99562 171.81997 1.59919
40.1572 183.88645 1.56825
30.92605 186.93211 1.45803
39.06351 181.56239 1.48837
1.06176 -61.49663 1.57079
0.08056 -61.56115 1.6396
-6.03406 -60.55728 1.4211
9.148 -57.36204 1.72387
5.89404 -73.20034 1.51928
-12.39013 -57.38823 1.49719
-2.44949 -65.30097 1.59579
-4.54816 -59.85505 1.58112
-2.43092 -64.41667 1.52741
-1.66309 -67.24966 1.4281
-9.75129 -64.31613 1.57924
3.91776 62.00409 1.57079
14.79657 60.0692 1.67927
-3.83263 52.41738 1.41168
12.55882 66.27061 1.39638
-4.91482 75.13833 1.55785
-5.35881 59.81939 1.45242
8.20704 63.63632 1.47913
3.86358 66.18802 1.69959
2.88345 52.02859 1.57175
0.91248 61.54667 1.61894
-9.32534 65.67212 1.46979
258.24736 78.07886 1.57079
256.24299 74.13757 1.47145
263.7875 83.08687 1.57677
251.60629 73.69451 1.67218
254.38356 68.97541 1.5062
246.30833 79.28338 1.70534
262.26106 77.54579 1.44338
268.28473 81.73436 1.46319
259.49944 73.69425 1.59771
261.08609 59.78387 1.52294
259.01885 74.32749 1.64909
261.10336 201.5796 1.57079
265.43044 189.85578 1.66122
261.59242 211.89525 1.66263
252.62042 213.75404 1.50203
266.8136 202.99372 1.62703
272.96631 199.72662 1.47091
258.35362 201.7729 1.62082
270.62468 192.42137 1.56071
250.79162 204.29828 1.48831
257.74738 201.12511 1.57752
267.66212 204.24639 1.55052
-69.9115 -13.64733 3.40339
-60.66374 -4.72161 3.32365
-64.57832 -25.47716 3.48493
-65.07034 -12.81932 3.44483
-73.09225 -6.97171 3.34884
-69.12726 -7.10884 3.4087
-65.38353 -26.08386 3.46525
-58.26271 -27.62651 3.40845
-62.12409 -15.2103 3.44172
-66.38821 -7.56777 3.34942
-63.23798 -22.90646 3.44544
73.03792 -17.05224 2.87979
80.88087 -11.22706 2.82287
67.85725 -21.35053 2.76352
75.18269 -14.84474 2.91922
79.84503 -20.82337 2.87067
76.72284 -7.21227 2.82825
70.75149 -15.86766 2.80352
72.37695 -13.812 2.91233
66.17007 -16.02113 2.77299
78.16682 -14.03689 2.85171
71.27804 -33.71535 2.85114
-220.9592 288.44768 3.40339
-220.0511 304.29325 3.35038
-218.21821 278.34297 3.39874
-220.71588 294.55631 3.61917
-218.94871 296.24802 3.46302
-215.977 287.07668 3.51377
-210.86131 279.03632 3.41715
-232.67589 294.00167 3.31509
-231.32495 282.21514 3.36364
-225.88314 285.70967 3.3641
-219.01146 296.20302 3.44924
-78.00977 285.04278 2.87979
-89.00456 280.59025 2.90241
-70.1778 294.74554 2.80119
-76.10139 283.64568 2.90662
-75.06704 281.29894 2.80394
-67.89343 281.93583 2.94331
-71.72909 282.93604 2.89366
-84.18793 281.31537 2.89966
-74.33744 284.81185 2.85225
-85.35033 281.81734 2.85101
-93.40138 306.96011 2.84946
-68.5442 -3.0649 3.40339
-71.31199 2.1615 3.43796
-65.77503 -16.26223 3.39231
-63.32863 -8.46495 3.47159
-72.79356 -2.99747 3.42283
-84.7216 -9.0156 3.48819
-62.2188 9.61976 3.44477
-60.07238 0.14156 3.22655
-77.02871 8.69188 3.53003
-66.90635 -6.24531 3.35967
-71.65864 2.67454 3.48461
78.54549 -12.6777 2.61799
78.27667 -13.03166 2.70054
73.97373 -20.16114 2.5915
76.42406 -5.30422 2.60194
90.15733 3.00289 2.50827
78.84669 -0.14144 2.564
71.46202 -7.72412 2.73283
72.91675 -5.89869 2.61747
85.90585 7.93211 2.5106
77.18693 -11.09433 2.6408
71.91881 -13.40451 2.7229
