-154.06439 126.2511 4.71238
-149.27507 123.69322 4.62833
-157.03232 115.81605 4.67582
-156.45781 116.73365 4.80166
-152.88398 117.82437 4.74834
-161.4675 118.989 4.76771
-152.86722 133.39015 4.66044
-157.40142 119.78917 4.81154
-160.66906 139.99296 4.67918
-158.39484 135.39175 4.64298
-144.64584 111.36334 4.66336
156.1836 131.74888 1.57079
158.25027 135.08368 1.54717
150.67127 123.88618 1.57921
147.92048 135.19479 1.70553
156.64351 136.8928 1.59364
157.01843 133.02195 1.48761
164.14771 130.04899 1.73722
158.73047 127.43035 1.46795
144.57165 145.02277 1.49173
162.10314 125.02818 1.52182
167.37003 121.6635 1.55833
-144.11449 146.2678 4.71238
-137.15142 139.97098 4.58408
-137.26731 148.86636 4.66377
-156.71891 153.41466 4.58211
-139.91691 140.55169 4.76667
-140.21864 135.13267 4.69421
-140.49632 143.22304 4.73373
-136.6906 152.83337 4.89585
-149.99234 143.46039 4.65279
-149.80909 151.88058 4.73939
-139.67752 145.42486 4.81412
149.3777 134.22219 1.57079
148.8704 132.98056 1.56071
147.33133 135.16424 1.57801
142.81736 122.64733 1.53886
148.65761 135.55904 1.53872
141.91372 133.21518 1.58499
144.88939 135.41154 1.69252
143.62846 121.13456 1.52302
165.33343 141.40651 1.65995
144.17414 132.36034 1.51154
165.22298 139.02234 1.59155
