-12.75679 312.97219 1.57079
-24.15463 314.36061 1.64842
-23.52252 312.61291 1.50615
-8.55301 327.19514 1.64399
-11.21559 315.46941 1.61415
-15.82671 306.49992 1.62827
-4.91479 315.98147 1.49703
-9.38523 307.56131 1.429
-16.96789 305.58943 1.47124
-13.72263 311.67682 1.42384
0.70225 311.76702 1.59419
189.0355 120.17478 0
192.90022 133.03702 0.04101
186.19954 111.62199 0.0773
190.37325 121.85367 -0.00768
192.51223 113.39826 -0.11716
181.07279 122.27469 0.00639
191.3278 122.7495 -0.05331
178.0886 119.4993 0.08558
191.65982 125.53963 -0.05584
195.36961 124.11614 0.06662
191.7953 121.84503 -0.15863
-75.26981 329.23485 2.09439
-80.92522 329.99987 2.089
-71.30988 332.31439 2.14605
-87.70374 331.87779 2.11983
-94.21779 328.68581 2.06791
-72.33087 325.77917 2.05962
-65.06028 328.39977 2.13439
-76.79806 340.05041 2.0836
-73.02055 322.88632 2.03916
-73.13593 328.65985 1.97841
-80.11628 333.17707 2.13534
69.48042 332.57741 1.04719
65.86648 325.06863 1.06298
67.20463 336.32257 0.9954
55.37244 327.39223 1.093
77.18744 335.88528 1.15673
69.07037 337.02923 0.99027
64.32554 343.75617 1.07139
63.67992 340.08603 1.15126
71.92526 328.83088 1.01588
61.94499 332.63723 1.03116
66.47323 324.92348 0.9639
-201.70024 256.5935 2.61799
-208.27988 254.5845 2.66721
-198.6406 265.05855 2.62895
-192.02147 266.57337 2.64735
-191.95081 262.39066 2.70128
-201.52187 256.90523 2.51571
-203.04101 259.99469 2.5555
-182.5362 256.25233 2.72062
-195.2841 252.66738 2.52624
-200.16876 261.07098 2.52236
-197.39259 258.46967 2.6859
5.7312 331.36845 1.57079
-2.41185 335.29087 1.57517
10.34193 339.16902 1.54572
-7.2195 319.4358 1.4698
26.33282 336.21195 1.57265
-0.46468 340.9419 1.75053
-3.25505 312.71711 1.56279
-3.9795 331.76595 1.52062
0.05461 323.27138 1.61308
1.88502 340.12312 1.47166
15.08577 339.31333 1.58737
-197.92091 37.85311 3.66519
-196.43034 45.07757 3.63049
-191.525 43.87501 3.69675
-207.27528 47.22697 3.66071
-197.18111 23.38186 3.61501
-190.48112 31.24983 3.60946
-201.90928 32.77723 3.59874
-198.71823 42.80472 3.62701
-192.04721 44.38145 3.57719
-205.34804 41.3131 3.69108
-197.70757 51.67999 3.76738
-122.61991 308.30022 2.35619
-108.37984 312.62258 2.27584
-125.57467 312.22187 2.30764
-115.85829 306.71051 2.39087
-120.32893 307.96197 2.38422
-118.8659 306.29709 2.39254
-126.14326 302.61009 2.32548
-124.94788 308.25985 2.53859
-119.55957 308.34397 2.25713
-130.20714 301.49949 2.48403
-111.21265 324.24198 2.52197
-157.00715 135.45791 3.14159
-153.93241 133.18964 3.18538
-166.66956 150.78674 3.09356
-143.26003 138.8824 3.20503
-155.32392 138.4598 3.13215
-150.47764 129.93816 3.08507
-150.45752 134.28705 3.2235
-147.62015 135.22463 3.14051
-175.4554 138.76043 3.02479
-148.90175 145.66401 3.06129
-154.21586 138.14637 3.08847
218.96375 144.59368 0
211.37061 146.93476 -0.04504
213.17323 145.72112 -0.10166
227.02053 159.51101 -0.10198
224.27637 143.51303 -0.09953
220.80771 148.79005 -0.10672
224.08791 141.13639 -0.03981
213.7205 148.71481 -0.00136
223.64279 141.15137 0.00707
219.1741 151.39392 -0.06385
226.19811 168.60994 -0.01401
120.86008 144.59369 0
120.68093 148.01471 0.01359
122.33313 146.19965 -0.08958
110.93276 142.64596 0.06121
129.56136 139.62758 0.04805
115.27366 152.55252 -0.01751
123.34435 141.41041 -0.00023
131.48955 152.44978 -0.03448
118.06947 138.82058 0.00811
128.47608 142.49406 -0.03553
123.48832 136.48927 0.0281
241.55393 110.03467 0
232.91774 104.93359 -0.09657
248.12599 106.76334 0.06302
244.05047 113.2698 0.01846
243.82854 100.29459 0.062
247.35119 101.92636 0.05945
247.85807 122.54781 -0.07459
244.17971 107.51995 -0.0278
242.95381 109.08104 -0.04031
240.20474 116.18685 0.02844
236.91008 117.48134 0.01963
118.0532 112.89068 0
118.73659 114.91971 0.07683
119.42439 123.20056 -0.08881
117.27846 120.89353 -0.08959
115.50997 118.90345 -0.09879
118.3702 109.70815 -0.01337
117.80584 105.91826 -0.07612
112.09196 107.03169 0.01579
122.89594 110.92164 -0.04354
115.55015 107.7568 -0.00447
102.47176 119.38925 0.06707
88.62772 269.54514 0.52359
72.97631 267.74405 0.33304
87.99313 270.03856 0.36405
83.95057 272.8179 0.56663
78.98959 282.3091 0.52962
88.90713 259.39104 0.52565
86.83741 263.22921 0.46048
93.69243 265.35644 0.67378
84.49434 264.39865 0.52707
93.98443 281.69421 0.49754
88.54531 275.46659 0.49415
80.94132 311.45589 1.04719
75.4758 312.07306 0.86048
70.26278 318.05839 1.06248
82.94985 304.8352 0.84739
71.09427 312.26376 1.11
75.50961 313.11233 0.95271
79.89659 302.53967 1.10148
79.15825 299.58575 1.02377
87.57471 298.26424 1.0311
77.8264 303.28147 0.96772
67.70285 319.22385 0.96554
119.00284 125.15474 -0.26179
128.86416 123.17418 -0.23155
128.34373 123.84241 -0.3303
125.98254 138.9142 -0.15267
114.18497 114.228 -0.29956
115.39146 126.7149 -0.3002
113.54407 118.69959 -0.19801
125.18988 123.9986 -0.38786
110.60712 133.78393 -0.19868
127.93131 126.22668 -0.29118
118.97877 124.95853 -0.17247
127.83975 237.86542 0.52359
125.12463 238.52189 0.57089
133.08819 231.78516 0.67857
122.65015 246.70145 0.49941
119.35775 234.56574 0.56057
125.43998 242.76484 0.45618
134.81176 240.98396 0.55997
123.01036 228.30331 0.43883
116.02519 233.38995 0.41446
125.47209 237.38286 0.46996
126.97244 241.28698 0.57034
