121.1521 26.69429 4.71238
117.95335 22.16093 4.6883
130.48594 29.34872 4.7006
125.17013 28.28557 4.69823
117.00203 25.63796 4.68414
121.65529 34.17308 4.78869
119.17078 23.21138 4.65622
127.51864 25.00297 4.66864
123.13575 29.20723 4.67081
116.63091 31.31222 4.77003
122.90575 25.61502 4.62539
144.4617 26.69429 4.71238
154.60131 25.18964 4.60834
146.79169 30.8899 4.73546
144.1954 30.98886 4.65691
146.51487 19.60677 4.70454
132.86977 31.56877 4.75557
144.87308 21.69688 4.74575
148.8776 45.76909 4.69578
158.67108 26.16675 4.59034
137.77169 29.66694 4.7547
133.99989 35.45687 4.69726
133.9003 26.69424 4.71238
136.53447 28.24383 4.64738
124.8145 30.7149 4.80063
133.72166 28.72559 4.70814
126.61654 39.93906 4.67973
139.59822 36.87863 4.74187
128.83453 19.88503 4.72499
139.72274 29.03922 4.58014
130.69232 33.10158 4.57553
142.15582 30.12367 4.6294
135.35363 19.15207 4.61864
270.65121 245.82083 0
277.53975 245.07367 0.04352
268.61607 245.49126 0.06664
261.43903 244.05049 0.1748
279.94969 246.10779 -0.08588
260.25412 251.86566 0.08573
271.35981 237.59626 -0.09013
274.21707 244.96039 -0.02583
274.00743 251.69546 0.09912
268.07547 249.10799 -0.02146
269.12635 241.05754 -0.02083
