125.11734 11.5372 0
123.3283 10.75894 -0.089
131.24721 8.47189 -0.05959
118.15357 6.20989 0.06345
125.20851 13.96365 0.02179
128.79056 3.92771 0.16276
113.4399 19.15695 -0.11335
122.44207 17.88049 -0.01853
133.13251 18.63374 -0.05203
125.62075 2.96902 -0.10497
141.21883 12.17228 -0.00408
-130.52095 3.16733 4.71238
-132.29568 -0.51135 4.83322
-135.30198 5.97672 4.649
-123.08849 -9.67467 4.77644
-133.27116 4.72951 4.77842
-136.57042 2.72496 4.76851
-144.26862 0.22921 4.66844
-132.2244 7.25311 4.68664
-127.42249 1.34008 4.77414
-141.93589 -3.91988 4.75139
-126.90299 7.95088 4.78803
-131.0989 -0.39427 0
-128.97809 0.27665 -0.02854
-121.40316 -4.76417 0.02691
-144.73644 -3.76882 0.11733
-133.01843 4.3008 -0.00244
-131.12961 7.7609 -0.04883
-130.29116 1.47588 -0.18616
-118.62198 -2.37328 -0.07388
-135.91743 -6.5169 -0.10286
-134.91241 -6.06063 0.13184
-128.84994 -19.96615 -0.05933
128.50099 0.96487 0
104.8075 0.18536 -0.10391
131.55217 0.55734 0.02851
127.57558 10.57526 0.13065
123.06283 12.18449 0.08948
120.38591 -0.85256 0.07227
134.41034 -6.59904 -0.04155
123.82628 -7.33818 0.04122
119.06088 6.38438 0.03474
128.71122 -0.01659 -0.07495
125.89755 1.00677 0.12562
139.06091 2.05549 1.57079
135.63361 9.43932 1.60209
132.077 1.15602 1.72938
145.96792 9.93477 1.52959
130.19159 -7.22817 1.67498
145.67378 -4.47378 1.52964
140.49981 3.84146 1.60644
144.41727 -3.46757 1.55055
138.1066 -12.66097 1.45289
127.69599 -4.26831 1.56977
145.51635 5.78792 1.50744
137.70176 261.65539 1.57079
140.20351 260.93519 1.67083
139.77882 257.59095 1.57492
135.09029 275.60219 1.77148
144.72874 248.88027 1.71224
150.18888 264.11096 1.53479
128.59895 263.12468 1.64683
147.27761 266.37892 1.61737
126.53219 266.59651 1.57163
122.25483 251.54449 1.59789
132.97377 273.52249 1.42723
-137.22669 10.82495 4.71238
-140.92983 0.52718 4.58869
-129.99679 7.99235 4.6907
-143.68897 0.47685 4.68714
-142.28491 9.27573 4.71914
-141.63384 11.26554 4.75306
-126.9159 22.90378 4.62623
-136.35241 11.62758 4.74793
-143.2325 21.54208 4.73326
-142.22421 23.23768 4.78128
-136.10583 15.57269 4.60139
128.6902 241.39579 1.57079
127.21842 240.26513 1.59467
132.19041 242.74085 1.58607
128.53594 228.59492 1.53999
132.56798 232.70612 1.632
140.87799 240.42792 1.50348
129.00295 238.88209 1.58273
136.7318 240.96958 1.5992
137.67655 247.19038 1.65391
122.10705 239.84975 1.62209
136.42078 237.24957 1.59605
133.8174 13.02639 1.57079
131.00084 12.35462 1.5517
125.45586 4.83493 1.52697
127.47362 13.79196 1.60471
113.09403 17.35201 1.52973
122.2805 16.051 1.57821
146.317 29.41473 1.53331
143.39627 18.44477 1.62858
127.19405 12.16853 1.66327
138.51536 12.72232 1.62897
128.86787 21.7715 1.54165
-136.7077 -0.26896 4.71238
-127.09339 -5.02176 4.64157
-138.86847 3.03453 4.63019
-128.27012 -9.82292 4.65413
-139.99659 -6.9384 4.66085
-133.4721 -5.28877 4.65633
-137.77369 8.36517 4.6934
-139.70157 17.11818 4.64191
-120.57421 7.0901 4.59667
-137.19902 5.16779 4.78036
-136.07947 4.353 4.71622
130.47559 1.2613 0
131.04389 13.22115 -0.00122
132.10307 -3.18095 0.01595
140.12602 3.70246 -0.07691
136.97443 4.75089 -0.05038
134.1433 -4.56956 0.05109
122.04384 -7.6287 -0.06291
126.48286 1.23738 0.04928
132.0362 -13.26934 0.0343
125.73593 3.96082 -0.19144
119.5662 -9.10567 0.06317
-130.6923 294.46479 0
-142.21835 294.52359 0.0238
-124.76506 291.90599 0.107
-126.84623 306.51214 -0.08276
-143.66207 289.93668 -0.04668
-125.96791 278.67153 -0.01928
-123.78019 294.26321 -0.04274
-126.64289 301.83817 0.00793
-126.55391 303.73034 -0.01345
-122.61384 280.5093 -0.12193
-133.27719 289.60034 -0.14816
-127.6357 -3.68309 0
-117.62318 -3.28112 -0.02925
-129.13947 5.66619 0.04764
-116.23032 -11.28794 -0.06441
-111.0304 -3.67283 0.05441
-129.21069 -1.48444 0.05422
-136.0478 -10.1811 0.08288
-135.86619 -1.30639 -0.03103
-134.58555 -12.45022 0.19706
-135.26384 -7.35771 0.12626
-143.20898 12.36528 0.09061
128.91999 -2.11599 0
116.88863 -5.41257 0.03502
128.18332 -3.34453 -0.10013
126.85551 -0.4456 -0.03184
126.29382 -16.07465 -0.00914
128.58014 8.24878 0.03437
127.55263 0.09731 -0.19603
120.52742 7.69884 0.03894
130.62143 5.36714 -0.03656
128.32394 -7.56926 -0.01187
132.55728 4.36268 0.11157
-173.00889 134.08901 4.71238
-178.33156 113.69447 4.83347
-177.21054 124.65681 4.59472
-162.3377 138.28761 4.61668
-186.97807 133.85739 4.71939
-167.77297 136.65809 4.735
-182.66021 144.73554 4.66072
-186.88775 126.89763 4.81299
-177.13151 139.64519 4.71737
-182.04494 126.21737 4.70712
-162.05355 142.97632 4.64953
127.09685 9.57999 1.57079
123.0836 5.00365 1.56
108.61715 12.73039 1.60266
128.89778 9.14423 1.5238
128.92161 -4.32689 1.64548
124.94888 8.02924 1.52696
136.45598 7.62868 1.55955
122.27531 1.73255 1.58762
125.82796 10.4771 1.55686
135.05549 23.64664 1.70177
131.8326 12.2688 1.53786
127.09685 229.43993 1.57079
118.65567 232.50041 1.48626
144.86187 235.78449 1.61411
125.71806 237.32914 1.45352
130.96408 232.43093 1.5655
133.73149 219.8679 1.50139
125.4167 216.18304 1.50939
127.88596 233.64953 1.59934
129.43713 245.24452 1.53771
131.34262 234.81175 1.52126
137.15368 233.65361 1.63973
137.42613 21.0389 5.37832
140.1429 18.21388 5.29927
145.76857 25.67723 -0.72735
127.96589 7.33165 -0.66905
136.79611 21.05381 5.34276
135.57348 20.23243 5.34324
138.69793 18.71444 5.28069
139.7975 18.62506 5.34309
134.21724 23.7145 5.32848
145.55432 23.93369 5.32092
128.40321 20.43512 5.37674
-7.22138 273.1916 4.71238
-22.67518 279.8991 4.73959
-5.06692 271.60198 4.71922
-11.78257 272.35484 4.66078
-5.94621 281.03295 4.72826
-15.94411 282.01678 4.78747
-12.62808 272.41646 4.7359
-5.60151 256.32542 4.63211
-8.93056 271.32118 4.77054
-12.53684 280.03914 4.78432
-4.61501 279.11254 4.66998
124.20939 -2.4625 3.14159
122.59698 -20.46382 3.1681
128.5823 0.95709 3.20861
124.75738 -2.83713 3.09802
114.62505 -6.53799 3.05831
137.92577 7.38763 3.20574
134.22174 -13.12264 3.10957
109.85018 -2.53186 3.21646
123.99085 0.97836 3.14519
125.60656 -13.24396 3.15162
120.63325 -8.28188 3.09398
-140.4353 -1.48639 3.14159
-148.33494 0.23057 3.02119
-124.42265 -22.30657 3.07804
-132.96508 10.15649 3.11599
-138.15696 3.52115 3.10524
-136.10906 -0.76066 3.21562
-137.31989 -2.92066 3.07381
-129.53704 -5.70862 3.24144
-152.60384 -2.53997 3.27895
-142.68933 -1.06833 3.02237
-149.73867 2.07532 3.06238
-135.41038 286.3128 3.14159
-136.17287 292.32488 3.0886
-144.19484 293.89891 3.04965
-145.7706 287.25927 3.04191
-137.64289 283.58213 3.19161
-128.79513 290.08394 3.15229
-144.49346 280.43542 3.17705
-142.04879 291.97387 3.19807
-125.10653 283.22776 3.20306
-135.90214 278.72606 3.11245
-132.08664 286.91936 3.10152
140.87099 228.26889 1.57079
142.4334 233.47229 1.40303
147.44744 226.75872 1.46875
140.24465 229.15377 1.52406
136.19549 226.19598 1.50617
148.24032 225.4317 1.76757
144.12383 226.21129 1.6688
135.29438 231.55658 1.51109
138.6333 225.2235 1.5804
130.65814 221.1822 1.50124
154.63804 219.57278 1.43142
-16.81675 258.58238 1.57079
-33.96208 265.21962 1.56205
-7.48107 264.65555 1.58614
-11.82082 253.11801 1.63207
-13.79526 251.60406 1.57953
-14.00867 277.64304 1.58253
-18.80705 255.49652 1.60464
-20.47712 259.39712 1.69011
-3.7765 250.66701 1.69551
-14.56958 264.25342 1.5882
-12.0125 258.17049 1.71936
122.75874 1.39678 1.57079
128.75082 4.38076 1.54559
122.76606 9.97471 1.4021
122.01514 3.12646 1.58511
126.52433 4.00673 1.64115
134.45161 21.01584 1.62182
109.71422 -6.41094 1.58196
125.48504 -10.86887 1.48522
130.33946 -1.81423 1.59196
134.26419 2.8509 1.59051
127.76886 3.9281 1.51973
131.03815 149.81676 0
127.62287 146.73617 -0.07864
123.04877 158.74483 0.05734
143.58311 151.49881 -0.01079
132.38055 147.40996 -0.00608
133.59789 148.52748 0.05181
128.17229 141.06738 0.09294
124.28912 145.54523 0.20566
137.64116 146.21617 0.01753
137.22857 138.72432 -0.15675
142.8886 144.54169 -0.00253
-126.14744 10.24126 0
-117.64189 10.49809 0.04073
-125.08339 1.04715 0.1298
-109.12106 -0.47782 0.01873
-111.66121 19.11314 -0.05412
-132.81816 7.42305 -0.02182
-121.39223 12.55458 -0.04974
-123.77817 7.59504 -0.0909
-129.69943 8.22725 0.03738
-132.99066 3.51074 0.11773
-113.33393 4.43404 0.08324
161.13891 159.09474 4.71238
165.49936 162.52309 4.72076
148.09356 159.41799 4.72035
159.97749 159.7416 4.67057
158.1005 156.91277 4.8084
153.7653 152.92474 4.66629
155.31781 156.02682 4.76677
154.01218 147.44064 4.74401
154.91027 156.61212 4.82201
158.71725 156.74237 4.72691
168.40995 161.09654 4.71074
-140.95612 8.04707 4.71238
-145.35177 9.96303 4.68382
-136.84744 7.84855 4.67974
-134.19782 7.58824 4.68786
-147.77227 10.42969 4.75137
-147.5583 10.67227 4.69675
-139.16736 7.9196 4.68635
-147.7249 8.67404 4.79168
-138.25889 6.74972 4.56072
-129.17307 3.87556 4.70721
-133.20867 4.27153 4.78411
-131.97728 280.5327 3.14159
-135.83331 287.37828 3.12129
-129.78429 289.65692 3.27664
-125.98095 283.44082 3.17168
-132.43466 264.27251 3.22314
-135.72843 277.39656 3.06625
-137.9626 284.094 3.19826
-133.91228 277.57015 3.19582
-121.78676 265.67475 3.16431
-134.0694 290.98226 3.25061
-143.33004 274.14724 3.2107
127.8401 5.43209 3.14159
123.88886 6.86712 3.22156
133.40098 3.67955 3.12407
130.13728 7.0644 3.09539
132.95347 0.57711 3.22944
124.60383 12.74359 3.19731
126.50203 15.78243 3.10294
121.83386 12.82613 3.19084
123.17722 19.29642 3.11448
131.26266 8.51207 3.14512
127.5375 -3.22238 3.20097
137.24049 -0.0427 0
144.87397 2.69697 0.20066
141.42112 2.21693 0.00959
133.12011 12.30088 0.05222
134.7406 -1.84776 0.01672
139.11561 -4.78526 -0.0185
146.13185 -0.30243 0.03355
139.95203 1.99044 0.07095
142.34938 -12.38263 -0.03844
117.33625 -10.50522 0.01465
128.21216 -5.89295 -0.07315
-122.5769 275.05789 0
-124.59871 289.86486 -0.03787
-125.05638 280.01249 -0.22781
-112.38799 277.92162 -0.05777
-126.48052 267.55505 0.01505
-115.98183 260.49389 0.0357
-126.13398 283.75746 0.03834
-115.77669 267.08604 0.06259
-113.84412 282.68992 -0.04202
-118.12806 266.76378 0.0651
-127.6924 276.60914 0.00012
164.61285 122.50688 4.71238
162.92033 131.29529 4.64808
158.5931 102.9221 4.74446
161.39757 129.01709 4.56624
162.53089 119.77829 4.6925
158.2779 125.25293 4.76764
161.04235 119.24266 4.75833
166.61675 133.44562 4.67026
166.04332 122.12008 4.69093
164.20819 111.75083 4.69292
171.14706 121.05639 4.69206
