-132.40754 121.7234 4.71238
-133.19882 117.70745 4.80867
-136.1487 115.74683 4.76185
-124.80032 122.30693 4.75301
-127.39627 117.80491 4.71628
-134.31945 134.29803 4.80275
-122.0669 124.80708 4.50998
-113.19194 124.33534 4.63091
-134.02951 113.55887 4.85692
-135.89707 134.63118 4.75647
-140.60185 123.7001 4.57971
-131.05534 199.532 4.71238
-128.88655 203.23543 4.57321
-131.25563 198.75412 4.65868
-136.70668 193.16827 4.78721
-132.90992 199.29361 4.79749
-139.58128 198.30422 4.73707
-135.1976 202.00736 4.74226
-137.39709 203.03266 4.70156
-123.17618 201.87731 4.80917
-133.9082 203.86697 4.62963
-125.81584 194.02934 4.84735
