204.89312 -14.09671 0
212.90782 -18.18619 0.16935
208.35502 -5.20448 0.08322
204.57612 -22.10878 0.06125
196.73238 -21.67033 -0.00637
221.31862 -25.92114 -0.04328
200.43816 -12.48779 0.16897
209.19429 -9.7174 -0.08505
210.26161 -13.25585 -0.19863
192.64208 -14.88755 0.07828
205.81274 -21.10229 -0.01438
18.13403 -198.67742 4.71238
2.6889 -210.19826 4.68097
15.31528 -199.73625 4.78225
15.66011 -209.0237 4.60682
18.97931 -201.09997 4.71058
15.72892 -199.62757 4.78468
28.45827 -191.13724 4.63208
14.1423 -205.33084 4.69825
26.60164 -211.23025 4.65183
18.00397 -197.17411 4.77182
13.50891 -199.46265 4.68022
