187.38031 177.80288 1.57079
203.06076 171.32658 1.60513
178.76383 182.91055 1.39596
191.2915 174.16446 1.61165
189.77899 186.15292 1.59205
181.0683 185.46276 1.49603
182.79409 174.76268 1.55346
183.38931 175.57381 1.47814
193.8495 179.3038 1.6324
184.79946 180.81385 1.60721
181.6587 173.89003 1.6348
186.76841 180.42378 1.57079
179.73677 190.99991 1.62836
186.90356 179.92322 1.62471
173.23413 178.57637 1.65377
189.12798 179.85969 1.4849
195.56489 182.17502 1.68945
183.35493 167.88537 1.61445
179.29933 169.25488 1.53053
201.93762 186.60509 1.68557
182.82701 179.96379 1.64712
190.994 177.37675 1.50992
-310.77188 174.16212 4.71238
-304.2464 173.52312 4.54852
-314.44333 174.57125 4.62247
-307.41302 181.19719 4.73394
-316.3328 180.14514 4.78342
-315.07953 170.55814 4.69908
-318.14023 167.61629 4.70948
-316.70358 166.88464 4.74489
-318.81649 180.42021 4.64015
-307.4876 175.43058 4.69636
-305.65553 180.44788 4.62635
11.3015 389.89415 3.14159
10.36443 390.72317 3.18749
13.48422 398.73498 3.17572
12.42711 396.08513 3.23722
31.16265 403.88735 3.11073
-2.03716 385.73335 3.07478
13.39423 385.65411 3.20706
17.5444 394.26428 3.20005
-1.12177 399.58636 3.17256
14.44552 387.87229 3.16259
13.96765 379.20053 3.12143
