-133.01099 261.37149 1.57079
-127.67704 255.15356 1.37614
-130.07324 246.75637 1.57094
-140.10389 269.71212 1.4555
-127.22378 258.85796 1.60834
-135.54178 263.42369 1.57512
-131.81258 260.03612 1.62685
-135.29262 254.92355 1.46303
-150.38953 254.58659 1.61399
-129.58054 264.7389 1.41352
-127.7016 266.32814 1.62334
-134.26489 12.1372 4.71238
-134.72808 9.03852 4.58395
-136.42468 25.56943 4.7057
-128.58323 24.74304 4.70226
-118.7743 19.33986 4.85221
-138.41103 8.53939 4.67519
-142.24462 -1.29984 4.56287
-129.09248 7.41164 4.59172
-129.06652 -2.05565 4.6943
-139.62598 5.28288 4.78769
-140.06955 3.74435 4.72149
140.83571 271.95458 4.71238
140.54306 267.42379 4.63458
140.97571 271.25317 4.67136
122.92454 276.14461 4.64241
140.24871 274.11666 4.75621
158.42534 270.9713 4.78334
145.82138 278.26411 4.8302
155.27347 261.21596 4.74833
150.76749 259.29206 4.5565
142.08978 267.87905 4.69064
129.84552 280.93611 4.70301
