111.11285 68.58774 0
95.79801 67.37115 0.0392
101.71261 71.46174 -0.0524
115.33549 71.31748 -0.03245
112.90183 79.08908 -0.1314
111.51742 71.52649 0.04131
110.22546 72.40205 0.11042
104.86437 71.64041 -0.00359
109.41441 55.21582 -0.01302
111.61399 47.13486 -0.06124
123.74162 61.54101 0.03302
129.66602 63.4148 0
127.69077 69.62799 -0.05514
123.55511 57.96286 0.03743
141.02106 45.70208 -0.05047
126.55133 74.43497 0.06863
125.84968 63.66909 0.03182
126.67609 50.99297 -0.05834
132.91397 70.08926 0.11248
128.16705 58.95379 0.04293
137.45092 65.11182 0.04376
130.07653 42.0285 -0.10219
-110.34444 51.69971 0
-104.36573 40.81578 -0.05537
-97.57688 54.6194 0.08518
-110.06188 47.52535 0.03875
-96.77206 40.46134 0.02732
-112.64983 51.62002 -0.07502
-117.60154 58.0451 0.10976
-123.14743 48.63597 0.12418
-117.10042 53.6898 -0.0811
-113.74043 52.97296 0.02851
-97.84081 49.44581 -0.01496
109.51549 51.69972 0
109.6741 60.59671 0.03501
104.58136 62.26477 -0.07155
113.40497 42.53169 0.17755
112.82756 47.85861 0.19568
105.35318 48.27601 0.11034
108.33001 42.90586 0.03039
110.39565 54.9219 0.03562
107.01963 56.67755 0.02944
112.90383 53.40541 -0.08247
110.69359 47.71028 -0.04434
-29.69769 363.10168 0
-35.39668 373.11786 0.0062
-33.09195 367.15638 0.12106
-23.94614 366.97486 -0.14204
-30.73478 356.4617 0.0083
-37.91996 361.7308 0.02588
-26.75391 354.58633 0.0041
-25.02371 376.32424 -0.01876
-30.49573 354.03217 -0.02016
-33.46717 368.89136 0.06333
-30.30125 365.75919 -0.0452
121.35 61.00665 0
113.30086 62.43044 0.00137
111.43165 59.68871 -0.05218
129.02907 56.50677 -0.00978
128.57855 61.35576 -0.13028
132.57704 73.83903 -0.08783
116.99624 64.18061 -0.04172
125.909 60.90396 0.17947
118.50354 59.79571 0.03542
125.01504 63.00893 0.02374
125.51985 66.3247 0.02304
