-37.64789 131.9311 3.14159
-35.46767 126.26806 3.14952
-36.19914 142.77898 3.1418
-35.36664 120.04281 3.20126
-47.35718 149.67528 3.1135
-34.97934 129.08199 3.12789
-30.89522 125.25077 3.20163
-27.4666 134.35963 3.23094
-37.76368 128.74124 3.07653
-20.06312 137.02911 3.17524
-42.37192 133.73215 3.24538
40.1607 130.57889 3.14159
31.16795 128.87152 3.18675
42.97371 129.2381 3.12435
44.97538 124.18471 3.05644
38.92347 130.45468 3.02649
49.46709 123.02878 3.12733
42.55828 139.18697 3.23909
49.86832 141.93645 3.1375
35.50348 136.33086 3.27121
41.09442 146.89237 3.14931
54.49615 124.84898 3.23766
