115.19363 57.37139 0.78539
115.30224 48.28255 0.88004
105.26427 55.94854 0.84872
119.60284 70.01471 0.79336
108.00414 51.05819 0.70614
122.51574 59.11007 0.86916
127.73421 56.16397 0.76438
115.45954 60.89854 0.759
112.58851 62.76173 0.85571
125.90774 59.54504 0.70764
114.63324 52.87969 0.75352
114.9719 78.06196 1.04719
108.66843 75.60941 1.05433
118.53353 73.44429 1.05845
112.89508 70.15399 0.98568
110.32975 88.25947 1.03151
115.51789 82.45579 0.96403
118.25725 73.4563 1.10509
107.72572 76.91224 0.98853
115.32783 85.71733 1.06054
119.7636 84.74134 0.96667
94.92589 77.42843 1.05199
200.9133 260.43836 2.09439
205.17106 255.85704 2.03361
199.94931 269.00553 1.97048
194.58589 259.49243 2.02516
187.22291 261.62662 2.00558
205.20318 279.56689 2.11323
189.55953 273.88461 2.07327
188.62423 270.77017 2.16426
204.67724 265.0668 2.01592
206.96745 256.11761 2.19903
216.28391 254.76196 2.14394
107.22731 65.27233 1.04719
109.19438 71.21042 0.98647
105.64626 76.99382 1.02764
110.07057 48.91295 1.01568
120.88503 71.35711 1.16041
99.26985 73.0571 1.26597
106.04398 60.44199 1.04823
105.60955 58.21675 1.14032
104.25357 80.30242 0.88459
107.64668 63.8035 1.14374
114.18955 71.7891 1.06127
119.84453 213.86699 2.09439
120.58202 205.29242 2.0894
121.98107 211.97872 2.13922
118.25583 206.19888 2.13366
119.93324 218.60741 2.08976
117.93698 217.6155 2.21115
102.86531 215.19194 2.19928
114.15903 225.9172 2.3354
117.0411 200.17789 2.15581
113.96562 207.48054 1.98738
115.2242 216.08575 1.96782
129.64012 46.91804 0.78539
130.15564 53.66085 0.64319
127.19245 41.75373 0.69342
137.80753 53.6384 0.84788
131.8141 43.05807 0.76098
124.20231 38.39892 0.62573
126.27974 46.86263 0.73923
136.56797 57.65021 0.77969
124.31336 51.74221 0.73892
136.36652 53.48138 0.63018
138.04279 43.76305 0.94648
13.72662 302.5199 2.87979
4.29181 296.01184 2.9303
12.3192 308.52737 2.86204
13.56484 311.14949 2.93565
10.49727 302.17749 2.72317
14.11033 298.32955 2.94667
8.18225 298.31277 2.7356
4.17918 298.07975 2.91028
14.7967 311.04864 2.85633
13.46982 300.83082 2.76124
12.05734 316.09221 2.98042
-72.01788 288.83998 3.66519
-69.49816 296.36541 3.54844
-70.92531 293.12013 3.60542
-60.41259 286.96923 3.60345
-75.49068 295.91511 3.63752
-72.92945 290.45296 3.72088
-64.08918 267.84713 3.62575
-64.55074 276.83737 3.59373
-79.09882 293.35719 3.57445
-59.53318 287.42193 3.607
-73.49751 287.11487 3.7776
