115.81921 235.01124 2.87979
118.01266 225.03824 2.95401
104.74923 232.5541 3.01545
104.5161 236.1513 2.84752
119.68018 247.95328 2.85144
127.01919 225.36852 2.84945
123.45571 239.94953 2.97212
108.11547 225.95702 2.92479
104.46345 248.54197 2.90729
112.46192 236.04102 2.88634
112.42499 235.59478 2.92348
47.90831 313.29452 3.66519
42.71411 306.11223 3.66091
51.27595 304.55768 3.64191
31.78271 302.5571 3.62466
53.05126 298.75947 3.57862
41.28177 308.21387 3.7501
54.06343 309.38386 3.64883
64.87052 305.61573 3.66747
56.31062 324.76352 3.6684
46.7131 316.17298 3.72918
44.06771 305.93727 3.62343
