0.2334 189.89351 4.71238
-2.02601 180.77585 4.73401
14.72899 195.57791 4.73188
7.3346 198.83233 4.60093
8.60838 185.70877 4.70802
-3.62882 175.21497 4.74017
-13.83185 190.45624 4.65578
11.8386 190.03857 4.60207
-2.73084 196.54321 4.76027
-4.60502 188.48982 4.76031
-7.4606 180.00811 4.9778
-4.19058 185.1701 4.71238
-6.42499 166.28678 4.63522
3.89456 172.86016 4.77057
-4.6467 207.82271 4.70425
-8.23767 199.97803 4.70252
-1.0066 193.67416 4.70587
-7.33279 181.84416 4.62154
-4.54794 187.50349 4.63498
10.4982 192.90059 4.66075
-7.21389 189.71988 4.60963
3.62447 184.87249 4.6858
-17.76627 174.61436 4.71238
-12.48266 182.35297 4.7958
-5.27399 176.2538 4.72916
-21.14065 171.07393 4.7627
-9.2178 171.16323 4.61798
-9.7551 178.93748 4.62569
-20.36351 175.59717 4.56044
-17.11325 168.73432 4.71461
-16.15782 171.63279 4.61384
-8.97046 151.99298 4.74254
-15.45209 176.97003 4.72966
-0.48563 190.58333 4.71238
-0.92983 189.37194 4.66985
2.21479 179.2941 4.74252
-4.5556 192.77433 4.75935
-5.23092 187.62951 4.8091
-13.78673 186.84504 4.82975
11.75014 190.41055 4.70367
-8.09093 185.0308 4.67894
6.16942 180.51872 4.67415
-12.84353 188.39865 4.74211
-11.49623 198.58405 4.71154
