7.42888 -139.81729 0
9.60054 -141.00516 -0.01704
1.88103 -130.58471 -0.01233
-5.9365 -139.34204 0.13043
1.4644 -146.93584 -0.00402
1.70947 -146.28136 0.0516
-3.05551 -138.19776 -0.0671
11.07953 -140.68778 0.00408
-8.11488 -140.58301 0.10043
17.52708 -129.87909 0.07987
2.88245 -141.26528 -0.04681
135.71356 2.24087 1.57079
137.36653 13.03415 1.62343
132.54836 2.75098 1.57498
133.52848 -6.00164 1.53643
141.17394 9.56157 1.55829
128.10063 0.40498 1.5756
132.03842 4.248 1.53389
131.54114 -4.02243 1.62929
131.76506 -7.44252 1.56484
131.83338 -4.95482 1.61609
135.92541 5.50858 1.47886
-126.34529 5.31989 4.71238
-132.0234 5.31077 4.71958
-134.85537 -2.09447 4.81323
-127.49435 9.01703 4.70465
-129.03687 -0.43085 4.76988
-129.08804 -1.30828 4.76584
-124.76789 17.13541 4.70459
-137.50485 19.52419 4.78221
-122.63398 -5.1375 4.81946
-127.97322 17.30028 4.68067
-129.62676 -3.49746 4.56632
136.77586 2.8395 1.57079
142.62242 -0.8175 1.4177
134.64645 6.30875 1.58067
132.56745 -3.14873 1.57451
131.48537 -1.63005 1.45417
143.85391 -2.93523 1.55339
140.46069 -5.35239 1.49805
132.95411 0.40006 1.67457
126.84414 15.77803 1.57506
141.45689 -7.01501 1.62298
142.12322 1.78608 1.59406
6.56925 -135.1295 0
0.73118 -128.66574 0.01302
14.32917 -138.32319 0.07432
13.76571 -115.34316 0.0282
10.94925 -140.90095 0.0807
0.4201 -145.68277 0.12267
11.86501 -123.90123 -0.23978
8.86955 -126.64282 0.00486
-2.716 -131.42649 -0.00305
10.15376 -134.70307 0.00286
4.00452 -145.90779 -0.0833
-1.02239 142.05879 3.14159
-1.81082 139.13448 3.11569
0.24427 122.21951 3.13768
8.55788 137.8911 3.25716
-4.1126 151.61771 3.2532
-2.39061 143.8095 3.02358
8.34565 136.97708 3.20021
6.47385 139.51518 3.20809
-4.39574 154.37785 3.17865
-13.58591 151.5844 3.11372
5.04431 153.02704 3.12254
-141.62869 -9.96344 4.71238
-134.97491 -7.33307 4.70605
-140.21524 -6.76459 4.78979
-149.85442 -0.3275 4.83571
-148.45508 -14.52745 4.6332
-126.73403 -3.56701 4.76794
-147.24949 -18.04333 4.81197
-147.07654 -12.54054 4.55986
-138.87099 -11.97218 4.80484
-164.18761 -14.35653 4.67592
-138.18078 -12.13948 4.60847
-131.77979 -2.48699 4.71238
-133.90754 -3.54106 4.75328
-132.05283 -2.88801 4.61527
-140.30616 -2.75169 4.69097
-133.54818 -5.87251 4.71985
-120.5593 -13.99026 4.89462
-134.0422 -4.30045 4.73515
-134.19584 -9.3165 4.74319
-128.60951 0.68212 4.82789
-137.08932 4.0515 4.61631
-142.79891 -5.50784 4.74278
-4.23555 -135.48699 0
-2.84061 -123.1468 0.041
-7.72858 -144.69947 -0.07243
-2.77726 -139.0217 -0.0502
-24.47517 -138.95851 0.07505
-4.84668 -138.97916 -0.08688
-5.05354 -134.69923 -0.0319
-5.28901 -142.09206 0.04589
-0.15536 -135.60158 0.03597
6.34354 -143.68215 0.00547
3.33348 -135.01932 -0.06639
142.18908 0.97475 1.57079
144.89386 4.29077 1.73149
141.96828 3.24669 1.68439
140.55033 -4.39148 1.68522
134.47912 -12.12395 1.56233
132.70551 -4.69347 1.6264
130.30381 11.11526 1.76836
141.7533 0.14703 1.54837
151.49795 -3.63094 1.48978
146.98943 -12.15192 1.46222
140.87992 -4.98991 1.6146
7.52649 138.82239 3.14159
9.21209 149.2928 3.14173
8.35991 131.47851 3.12448
1.2974 139.36694 3.14872
-8.88216 138.09495 3.10653
10.55908 138.72484 3.18892
-10.05322 144.12854 3.24369
10.62762 140.17214 3.24597
5.43569 150.87976 3.29226
0.14323 148.76862 3.07028
4.23266 137.79441 3.09936
2.2633 -141.6676 0
1.90615 -148.81362 -0.13148
9.4622 -141.12091 0.05369
7.93144 -142.62405 0.11933
2.32705 -134.35316 -0.05972
0.24057 -147.44058 0.07754
3.91916 -144.72674 -0.02296
1.27278 -138.51568 0.08514
3.41001 -122.85333 0.12905
5.44982 -146.30524 0.08302
-2.85808 -137.77563 -0.23599
