195.19021 346.70379 2.87979
194.60313 349.56786 2.97027
204.26772 357.03747 2.9823
194.52903 355.13073 2.97422
203.65432 349.1614 2.97816
197.8592 335.14119 2.94727
203.85232 340.05631 2.91096
192.63606 338.17825 2.81146
212.24826 348.83975 3.02297
198.24794 335.03206 2.72805
190.23366 347.98466 2.86268
54.29831 347.56209 3.40339
53.60731 348.77087 3.44025
52.83053 350.25766 3.39832
58.70624 342.72186 3.34013
52.31727 347.4845 3.2636
57.05347 344.26774 3.4852
53.14198 342.5307 3.38668
44.97416 343.8068 3.25521
60.13807 337.11033 3.33429
53.70287 359.0297 3.42452
58.84253 349.84351 3.50618
111.31731 341.9103 3.14159
114.09548 340.64986 3.17181
108.12695 357.35569 3.19987
115.36999 358.3681 3.14493
98.67827 341.58792 3.23723
114.99191 339.07795 3.11883
115.78589 331.08607 3.16655
97.58151 340.26061 3.12953
115.64544 337.36981 3.26572
106.68992 341.8196 3.19993
111.73019 341.48961 3.04929
