-213.81698 134.49965 3.14159
-209.4156 141.82419 3.18765
-214.14271 129.40465 3.05416
-210.86839 128.08847 3.08134
-214.75705 148.56553 3.04305
-206.45595 123.83458 3.35647
-212.83885 148.95077 3.15884
-217.83168 129.52398 3.27056
-220.68437 139.94631 3.09702
-212.68478 134.35386 3.24519
-216.18757 124.14986 3.16091
-147.17528 135.68967 3.14159
-148.36793 127.49907 3.13525
-134.10851 131.94942 3.14381
-150.0313 127.25954 3.26873
-150.50131 138.95274 3.2435
-142.45919 135.68257 3.12959
-152.19876 124.85972 3.10217
-132.71054 132.58317 3.15246
-151.67603 135.76314 3.23499
-145.74536 124.80833 3.22133
-139.89536 141.14264 3.12992
-199.71399 135.585 3.14159
-187.4705 133.48368 3.12147
-192.93938 143.2671 3.29307
-197.96827 134.1546 3.14314
-190.371 130.3774 3.28838
-198.47985 138.44879 3.22812
-198.24756 134.70356 3.05919
-206.69801 146.86173 3.30652
-198.58067 141.40814 3.04343
-206.95729 147.42614 3.21237
-202.54087 140.20508 3.20336
-121.90539 134.2328 3.14159
-122.44726 132.93119 3.17156
-124.18552 138.86463 3.0622
-128.2303 137.63126 3.04675
-122.30214 125.55218 3.12508
-122.23087 127.3075 3.16343
-131.71241 152.11712 3.27315
-117.29976 141.17445 3.08573
-122.53707 133.76121 3.20329
-128.62809 147.42725 3.17557
-116.10273 133.0136 3.12415
